0.000000
0.000173
0.000698
0.001553
0.002717
0.004169
0.005892
0.007869
0.010085
0.012527
0.015181
0.018037
0.021083
0.024312
0.027714
0.031281
0.035008
0.038889
0.042919
0.047093
0.051408
0.055862
0.060393
0.064774
0.068992
0.073056
0.076975
0.080756
0.084407
0.087935
0.091346
0.094647
0.097843
0.100939
0.103942
0.106855
0.109683
0.112430
0.115101
0.117699
0.120228
0.122691
0.125091
0.127432
0.129715
0.131944
0.134122
0.136250
0.138330
0.140365
0.142357
0.144307
0.146218
0.148089
0.149925
0.151724
0.153490
0.155224
0.156926
0.158597
0.160240
0.161855
0.163443
0.165005
0.166542
0.168055
0.169544
0.171012
0.172457
0.173882
0.175287
0.176673
0.178039
0.179387
0.180718
0.182032
0.183329
0.184610
0.185875
0.187126
0.188362
0.189583
0.190791
0.191986
0.193168
0.194338
0.195496
0.196642
0.197777
0.198902
0.200016
0.201120
0.202215
0.203301
0.204377
0.205446
0.206507
0.207560
0.208605
0.209644
0.210676
0.211701
0.212720
0.213734
0.214742
0.215745
0.216744
0.217739
0.218730
0.219719
0.220705
0.221690
0.222674
0.223658
0.224644
0.225631
0.226622
0.227619
0.228622
0.229633
0.230656
0.231693
0.232750
0.233831
0.234944
0.236089
0.237192
0.238229
0.239203
0.240119
0.240980
0.241791
0.242554
0.243273
0.243951
0.244590
0.245194
0.245764
0.246302
0.246812
0.247294
0.247751
0.248184
0.248595
0.248985
0.249356
0.249709
0.250045
0.250366
0.250672
0.250964
0.251243
0.251511
0.251767
0.252013
0.252250
0.252477
0.252696
0.252908
0.253112
0.253309
0.253500
0.253685
0.253865
0.254039
0.254209
0.254374
0.254535
0.254692
0.254845
0.254995
0.255142
0.255286
0.255427
0.255566
0.255702
0.255836
0.255967
0.256097
0.256226
0.256352
0.256477
0.256601
0.256723
0.256844
0.256964
0.257083
0.257201
0.257318
0.257434
0.257549
0.257664
0.257778
0.257891
0.258003
0.258115
0.258226
0.258337
0.258448
0.258558
0.258668
0.258777
0.258886
0.258995
0.259104
0.259212
0.259321
0.259429
0.259537
0.259644
0.259752
0.259859
0.259966
0.260073
0.260180
0.260287
0.260394
0.260501
0.260607
0.260714
0.260820
0.260927
0.261033
0.261140
0.261247
0.261353
0.261460
0.261566
0.261673
0.261780
0.261886
0.261993
0.262100
0.262206
0.262313
0.262420
0.262526
0.262633
0.262740
0.262847
0.262953
0.263060
0.263167
0.263274
0.263381
0.263488
0.263595
0.263703
0.263810
0.263917
0.264025
0.264132
0.264240
0.264348
0.264455
0.264563
0.264671
0.264779
0.264887
0.264995
0.265103
0.265211
0.265319
0.265427
0.265535
0.265644
0.265752
0.265861
0.265970
0.266079
0.266188
0.266297
0.266406
0.266516
0.266625
0.266734
0.266844
0.266953
0.267063
0.267173
0.267283
0.267392
0.267502
0.267612
0.267722
0.267832
0.267942
0.268052
0.268163
0.268273
0.268384
0.268495
0.268605
0.268716
0.268827
0.268938
0.269049
0.269161
0.269272
0.269383
0.269494
0.269606
0.269717
0.269829
0.269940
0.270052
0.270164
0.270275
0.270387
0.270499
0.270611
0.270723
0.270836
0.270948
0.271060
0.271173
0.271286
0.271399
0.271511
0.271624
0.271737
0.271850
0.271963
0.272076
0.272189
0.272303
0.272416
0.272529
0.272643
0.272756
0.272869
0.272983
0.273097
0.273211
0.273325
0.273439
0.273553
0.273668
0.273782
0.273896
0.274011
0.274126
0.274240
0.274355
0.274470
0.274585
0.274699
0.274814
0.274929
0.275044
0.275159
0.275275
0.275390
0.275505
0.275621
0.275737
0.275853
0.275969
0.276085
0.276201
0.276318
0.276434
0.276551
0.276667
0.276784
0.276901
0.277018
0.277135
0.277252
0.277369
0.277486
0.277603
0.277720
0.277837
0.277955
0.278072
0.278190
0.278308
0.278426
0.278544
0.278662
0.278781
0.278899
0.279018
0.279136
0.279255
0.279374
0.279492
0.279611
0.279730
0.279849
0.279968
0.280087
0.280206
0.280325
0.280444
0.280564
0.280683
0.280803
0.280923
0.281043
0.281163
0.281283
0.281403
0.281523
0.281644
0.281764
0.281885
0.282005
0.282126
0.282247
0.282367
0.282488
0.282609
0.282730
0.282851
0.282972
0.283093
0.283214
0.283336
0.283458
0.283579
0.283701
0.283823
0.283945
0.284067
0.284190
0.284312
0.284435
0.284557
0.284680
0.284803
0.284926
0.285049
0.285172
0.285295
0.285418
0.285541
0.285665
0.285788
0.285912
0.286036
0.286159
0.286284
0.286408
0.286532
0.286656
0.286781
0.286906
0.287030
0.287155
0.287280
0.287405
0.287530
0.287655
0.287780
0.287905
0.288030
0.288156
0.288281
0.288406
0.288532
0.288658
0.288784
0.288910
0.289036
0.289162
0.289289
0.289415
0.289542
0.289668
0.289795
0.289922
0.290049
0.290176
0.290303
0.290430
0.290557
0.290684
0.290812
0.290939
0.291066
0.291194
0.291322
0.291450
0.291578
0.291706
0.291835
0.291963
0.292092
0.292221
0.292350
0.292479
0.292608
0.292737
0.292866
0.292996
0.293125
0.293255
0.293385
0.293514
0.293644
0.293774
0.293904
0.294034
0.294164
0.294295
0.294425
0.294556
0.294687
0.294818
0.294949
0.295080
0.295211
0.295343
0.295474
0.295605
0.295737
0.295869
0.296000
0.296132
0.296264
0.296396
0.296528
0.296660
0.296792
0.296925
0.297057
0.297190
0.297323
0.297456
0.297589
0.297722
0.297855
0.297989
0.298123
0.298256
0.298390
0.298524
0.298658
0.298793
0.298927
0.299061
0.299195
0.299330
0.299464
0.299599
0.299734
0.299869
0.300004
0.300140
0.300275
0.300411
0.300547
0.300683
0.300819
0.300955
0.301091
0.301227
0.301364
0.301500
0.301637
0.301773
0.301910
0.302047
0.302184
0.302320
0.302457
0.302594
0.302732
0.302869
0.303007
0.303145
0.303283
0.303421
0.303559
0.303697
0.303836
0.303974
0.304113
0.304252
0.304391
0.304530
0.304669
0.304809
0.304948
0.305087
0.305227
0.305366
0.305506
0.305646
0.305786
0.305926
0.306067
0.306208
0.306348
0.306489
0.306630
0.306772
0.306913
0.307054
0.307196
0.307337
0.307479
0.307621
0.307762
0.307904
0.308046
0.308188
0.308330
0.308472
0.308615
0.308757
0.308900
0.309043
0.309186
0.309329
0.309473
0.309616
0.309760
0.309904
0.310048
0.310192
0.310337
0.310481
0.310625
0.310770
0.310915
0.311059
0.311204
0.311349
0.311494
0.311639
0.311784
0.311930
0.312076
0.312222
0.312368
0.312514
0.312660
0.312807
0.312954
0.313100
0.313247
0.313394
0.313541
0.313688
0.313836
0.313983
0.314130
0.314278
0.314425
0.314573
0.314721
0.314869
0.315017
0.315165
0.315314
0.315463
0.315612
0.315761
0.315911
0.316060
0.316210
0.316360
0.316510
0.316660
0.316810
0.316960
0.317110
0.317261
0.317411
0.317562
0.317712
0.317863
0.318014
0.318165
0.318316
0.318468
0.318620
0.318772
0.318924
0.319076
0.319228
0.319381
0.319533
0.319686
0.319839
0.319992
0.320145
0.320298
0.320452
0.320605
0.320758
0.320912
0.321066
0.321220
0.321374
0.321528
0.321683
0.321838
0.321993
0.322148
0.322304
0.322459
0.322615
0.322770
0.322926
0.323082
0.323238
0.323395
0.323551
0.323707
0.323864
0.324020
0.324177
0.324333
0.324490
0.324648
0.324805
0.324963
0.325121
0.325279
0.325437
0.325596
0.325754
0.325913
0.326072
0.326231
0.326391
0.326550
0.326709
0.326869
0.327029
0.327188
0.327348
0.327508
0.327668
0.327828
0.327989
0.328149
0.328310
0.328472
0.328633
0.328794
0.328956
0.329118
0.329280
0.329442
0.329604
0.329767
0.329929
0.330092
0.330255
0.330418
0.330581
0.330744
0.330908
0.331071
0.331235
0.331398
0.331563
0.331727
0.331892
0.332056
0.332221
0.332386
0.332552
0.332717
0.332883
0.333048
0.333214
0.333380
0.333546
0.333713
0.333879
0.334045
0.334212
0.334379
0.334546
0.334713
0.334880
0.335048
0.335216
0.335384
0.335552
0.335721
0.335889
0.336058
0.336227
0.336396
0.336566
0.336735
0.336905
0.337075
0.337244
0.337414
0.337584
0.337754
0.337925
0.338095
0.338266
0.338437
0.338608
0.338779
0.338951
0.339123
0.339295
0.339468
0.339640
0.339813
0.339986
0.340159
0.340332
0.340506
0.340679
0.340853
0.341026
0.341200
0.341374
0.341548
0.341722
0.341896
0.342071
0.342246
0.342422
0.342597
0.342773
0.342949
0.343125
0.343302
0.343478
0.343655
0.343832
0.344009
0.344186
0.344363
0.344541
0.344718
0.344896
0.345074
0.345252
0.345430
0.345608
0.345787
0.345966
0.346145
0.346324
0.346504
0.346684
0.346864
0.347045
0.347225
0.347406
0.347587
0.347768
0.347949
0.348131
0.348312
0.348494
0.348675
0.348857
0.349039
0.349221
0.349404
0.349587
0.349770
0.349953
0.350137
0.350321
0.350505
0.350689
0.350874
0.351058
0.351243
0.351428
0.351614
0.351799
0.351985
0.352170
0.352356
0.352542
0.352728
0.352914
0.353101
0.353287
0.353475
0.353662
0.353850
0.354038
0.354226
0.354414
0.354603
0.354792
0.354981
0.355170
0.355360
0.355549
0.355739
0.355929
0.356119
0.356309
0.356499
0.356690
0.356880
0.357071
0.357263
0.357454
0.357646
0.357838
0.358031
0.358224
0.358417
0.358610
0.358803
0.358997
0.359191
0.359385
0.359579
0.359773
0.359967
0.360162
0.360356
0.360551
0.360746
0.360941
0.361137
0.361333
0.361530
0.361726
0.361923
0.362121
0.362318
0.362516
0.362714
0.362912
0.363110
0.363309
0.363507
0.363706
0.363905
0.364104
0.364303
0.364503
0.364702
0.364902
0.365103
0.365303
0.365505
0.365706
0.365908
0.366109
0.366312
0.366514
0.366717
0.366919
0.367123
0.367326
0.367529
0.367733
0.367936
0.368140
0.368344
0.368548
0.368753
0.368958
0.369163
0.369368
0.369574
0.369780
0.369987
0.370194
0.370401
0.370608
0.370815
0.371023
0.371231
0.371439
0.371648
0.371856
0.372065
0.372274
0.372483
0.372692
0.372902
0.373111
0.373322
0.373532
0.373743
0.373954
0.374166
0.374377
0.374590
0.374802
0.375015
0.375228
0.375441
0.375654
0.375868
0.376081
0.376295
0.376510
0.376724
0.376938
0.377153
0.377368
0.377583
0.377799
0.378015
0.378232
0.378449
0.378666
0.378883
0.379101
0.379319
0.379537
0.379756
0.379975
0.380194
0.380413
0.380632
0.380852
0.381071
0.381291
0.381511
0.381732
0.381953
0.382174
0.382396
0.382618
0.382841
0.383064
0.383287
0.383510
0.383734
0.383958
0.384182
0.384406
0.384631
0.384856
0.385081
0.385306
0.385531
0.385757
0.385983
0.386209
0.386436
0.386663
0.386891
0.387119
0.387347
0.387576
0.387805
0.388034
0.388263
0.388493
0.388723
0.388954
0.389184
0.389415
0.389646
0.389877
0.390109
0.390340
0.390572
0.390805
0.391038
0.391271
0.391505
0.391739
0.391973
0.392208
0.392443
0.392679
0.392914
0.393150
0.393387
0.393623
0.393860
0.394097
0.394334
0.394572
0.394810
0.395047
0.395286
0.395525
0.395764
0.396004
0.396244
0.396484
0.396725
0.396967
0.397208
0.397450
0.397692
0.397935
0.398178
0.398421
0.398664
0.398908
0.399152
0.399396
0.399640
0.399884
0.400129
0.400375
0.400621
0.400868
0.401115
0.401362
0.401610
0.401858
0.402106
0.402355
0.402604
0.402853
0.403103
0.403353
0.403603
0.403853
0.404104
0.404355
0.404606
0.404857
0.405109
0.405362
0.405615
0.405868
0.406122
0.406376
0.406631
0.406886
0.407141
0.407397
0.407653
0.407909
0.408166
0.408423
0.408680
0.408937
0.409194
0.409452
0.409710
0.409969
0.410228
0.410488
0.410748
0.411009
0.411270
0.411531
0.411793
0.412055
0.412318
0.412581
0.412844
0.413107
0.413371
0.413635
0.413899
0.414164
0.414428
0.414694
0.414959
0.415226
0.415492
0.415760
0.416027
0.416296
0.416564
0.416833
0.417103
0.417372
0.417642
0.417913
0.418184
0.418455
0.418726
0.418998
0.419269
0.419541
0.419814
0.420087
0.420360
0.420635
0.420909
0.421185
0.421460
0.421737
0.422013
0.422290
0.422567
0.422845
0.423123
0.423401
0.423680
0.423959
0.424238
0.424518
0.424798
0.425078
0.425359
0.425640
0.425922
0.426204
0.426488
0.426771
0.427055
0.427340
0.427625
0.427910
0.428196
0.428482
0.428768
0.429055
0.429342
0.429629
0.429916
0.430204
0.430493
0.430782
0.431071
0.431362
0.431652
0.431944
0.432236
0.432528
0.432821
0.433114
0.433408
0.433702
0.433996
0.434291
0.434586
0.434882
0.435178
0.435474
0.435770
0.436067
0.436365
0.436663
0.436962
0.437261
0.437562
0.437862
0.438163
0.438465
0.438767
0.439069
0.439372
0.439676
0.439979
0.440283
0.440588
0.440892
0.441197
0.441503
0.441809
0.442116
0.442423
0.442731
0.443040
0.443350
0.443659
0.443970
0.444281
0.444592
0.444904
0.445216
0.445529
0.445842
0.446155
0.446469
0.446783
0.447098
0.447413
0.447729
0.448045
0.448362
0.448680
0.448999
0.449318
0.449638
0.449958
0.450279
0.450600
0.450921
0.451243
0.451566
0.451889
0.452212
0.452536
0.452860
0.453184
0.453510
0.453836
0.454163
0.454490
0.454818
0.455147
0.455477
0.455807
0.456137
0.456468
0.456800
0.457132
0.457464
0.457797
0.458131
0.458465
0.458799
0.459133
0.459468
0.459805
0.460142
0.460479
0.460818
0.461157
0.461497
0.461837
0.462178
0.462520
0.462862
0.463204
0.463548
0.463891
0.464235
0.464579
0.464924
0.465269
0.465615
0.465962
0.466310
0.466659
0.467008
0.467358
0.467709
0.468060
0.468412
0.468765
0.469118
0.469472
0.469826
0.470181
0.470536
0.470892
0.471248
0.471604
0.471961
0.472320
0.472679
0.473039
0.473400
0.473762
0.474124
0.474487
0.474851
0.475215
0.475580
0.475946
0.476312
0.476678
0.477045
0.477413
0.477781
0.478149
0.478518
0.478889
0.479260
0.479632
0.480005
0.480378
0.480753
0.481128
0.481503
0.481880
0.482256
0.482634
0.483012
0.483390
0.483769
0.484148
0.484528
0.484908
0.485289
0.485672
0.486055
0.486439
0.486824
0.487209
0.487595
0.487983
0.488370
0.488759
0.489147
0.489537
0.489927
0.490317
0.490708
0.491099
0.491491
0.491883
0.492277
0.492672
0.493067
0.493464
0.493861
0.494259
0.494658
0.495057
0.495458
0.495858
0.496260
0.496662
0.497064
0.497467
0.497871
0.498275
0.498679
0.499085
0.499491
0.499899
0.500308
0.500717
0.501127
0.501539
0.501951
0.502363
0.502777
0.503191
0.503605
0.504020
0.504436
0.504852
0.505269
0.505686
0.506104
0.506524
0.506944
0.507366
0.507788
0.508211
0.508635
0.509060
0.509486
0.509913
0.510340
0.510768
0.511197
0.511626
0.512056
0.512486
0.512916
0.513348
0.513781
0.514215
0.514650
0.515086
0.515523
0.515961
0.516400
0.516839
0.517280
0.517721
0.518163
0.518606
0.519049
0.519493
0.519938
0.520383
0.520828
0.521275
0.521723
0.522172
0.522623
0.523074
0.523527
0.523980
0.524435
0.524890
0.525346
0.525803
0.526261
0.526719
0.527178
0.527637
0.528098
0.528558
0.529020
0.529484
0.529948
0.530414
0.530881
0.531349
0.531818
0.532288
0.532759
0.533231
0.533704
0.534178
0.534652
0.535127
0.535602
0.536079
0.536555
0.537033
0.537513
0.537994
0.538476
0.538960
0.539444
0.539930
0.540416
0.540904
0.541393
0.541882
0.542373
0.542864
0.543355
0.543848
0.544341
0.544835
0.545330
0.545827
0.546326
0.546825
0.547326
0.547828
0.548331
0.548836
0.549341
0.549848
0.550355
0.550863
0.551372
0.551882
0.552393
0.552904
0.553416
0.553930
0.554445
0.554962
0.555480
0.555999
0.556520
0.557042
0.557566
0.558090
0.558615
0.559142
0.559669
0.560197
0.560726
0.561256
0.561786
0.562318
0.562851
0.563386
0.563923
0.564461
0.565000
0.565541
0.566083
0.566626
0.567171
0.567716
0.568263
0.568810
0.569358
0.569907
0.570457
0.571008
0.571560
0.572114
0.572669
0.573226
0.573785
0.574345
0.574907
0.575469
0.576033
0.576598
0.577164
0.577731
0.578299
0.578868
0.579438
0.580009
0.580580
0.581154
0.581729
0.582306
0.582885
0.583465
0.584047
0.584630
0.585215
0.585800
0.586387
0.586975
0.587564
0.588154
0.588745
0.589336
0.589929
0.590523
0.591119
0.591718
0.592318
0.592919
0.593522
0.594127
0.594733
0.595341
0.595949
0.596559
0.597170
0.597782
0.598396
0.599010
0.599625
0.600241
0.600860
0.601480
0.602103
0.602727
0.603354
0.603981
0.604611
0.605241
0.605873
0.606507
0.607141
0.607777
0.608414
0.609052
0.609690
0.610331
0.610973
0.611618
0.612265
0.612914
0.613564
0.614217
0.614871
0.615526
0.616183
0.616842
0.617501
0.618162
0.618824
0.619488
0.620152
0.620818
0.621486
0.622157
0.622829
0.623504
0.624181
0.624860
0.625540
0.626223
0.626906
0.627592
0.628278
0.628966
0.629655
0.630346
0.631038
0.631731
0.632427
0.633125
0.633826
0.634529
0.635234
0.635941
0.636650
0.637360
0.638073
0.638787
0.639502
0.640219
0.640938
0.641657
0.642378
0.643101
0.643827
0.644555
0.645286
0.646019
0.646754
0.647492
0.648232
0.648973
0.649716
0.650461
0.651208
0.651956
0.652705
0.653456
0.654209
0.654964
0.655722
0.656482
0.657246
0.658011
0.658780
0.659550
0.660323
0.661097
0.661874
0.662652
0.663432
0.664214
0.664997
0.665782
0.666568
0.667358
0.668151
0.668947
0.669745
0.670547
0.671350
0.672156
0.672965
0.673775
0.674588
0.675402
0.676218
0.677036
0.677856
0.678677
0.679501
0.680328
0.681158
0.681992
0.682828
0.683667
0.684509
0.685353
0.686199
0.687047
0.687898
0.688750
0.689604
0.690459
0.691316
0.692176
0.693039
0.693905
0.694775
0.695648
0.696523
0.697401
0.698282
0.699165
0.700051
0.700938
0.701828
0.702719
0.703612
0.704507
0.705404
0.706305
0.707209
0.708117
0.709028
0.709942
0.710859
0.711779
0.712701
0.713626
0.714553
0.715482
0.716414
0.717347
0.718282
0.719219
0.720160
0.721105
0.722053
0.723006
0.723961
0.724920
0.725881
0.726846
0.727813
0.728783
0.729755
0.730729
0.731705
0.732684
0.733664
0.734648
0.735637
0.736630
0.737627
0.738627
0.739631
0.740637
0.741647
0.742660
0.743676
0.744694
0.745714
0.746737
0.747762
0.748789
0.749821
0.750857
0.751898
0.752943
0.753992
0.755044
0.756100
0.757159
0.758222
0.759287
0.760355
0.761426
0.762499
0.763574
0.764652
0.765736
0.766824
0.767917
0.769014
0.770116
0.771221
0.772330
0.773443
0.774559
0.775678
0.776801
0.777926
0.779054
0.780184
0.781318
0.782458
0.783603
0.784753
0.785908
0.787067
0.788230
0.789398
0.790570
0.791745
0.792923
0.794105
0.795289
0.796477
0.797668
0.798863
0.800065
0.801273
0.802485
0.803703
0.804926
0.806154
0.807385
0.808621
0.809860
0.811104
0.812350
0.813600
0.814853
0.816111
0.817374
0.818645
0.819921
0.821203
0.822490
0.823783
0.825080
0.826382
0.827688
0.828998
0.830312
0.831630
0.832951
0.834276
0.835608
0.836947
0.838292
0.839644
0.841002
0.842365
0.843734
0.845108
0.846487
0.847870
0.849258
0.850649
0.852045
0.853444
0.854850
0.856264
0.857685
0.859113
0.860547
0.861987
0.863433
0.864885
0.866341
0.867802
0.869268
0.870738
0.872212
0.873690
0.875175
0.876668
0.878168
0.879675
0.881190
0.882710
0.884237
0.885769
0.887306
0.888849
0.890396
0.891948
0.893503
0.895064
0.896630
0.898205
0.899788
0.901377
0.902973
0.904575
0.906183
0.907797
0.909416
0.911039
0.912668
0.914300
0.915937
0.917578
0.919224
0.920877
0.922534
0.924197
0.925865
0.928449
0.933219
0.937672
0.941827
0.945705
0.949325
0.952703
0.955856
0.958799
0.961546
0.964109
0.966502
0.968735
0.970820
0.972765
0.974581
0.976275
0.977857
0.979333
0.980711
0.981997
0.983197
0.984317
0.985363
0.986339
0.987249
0.988099
0.988893
0.989633
0.990324
0.990969
0.991572
0.992133
0.992658
0.993147
0.993604
0.994031
0.994429
0.994800
0.995147
0.995470
0.995772
0.996054
0.996317
0.996563
0.996792
0.997006
0.997205
0.997392
0.997566
0.997728
0.997879
0.998021
0.998153
0.998276
0.998391
0.998498
0.998598
0.998692
0.998779
0.998860
0.998936
0.999007
0.999073
0.999135
0.999193
0.999247
0.999297
0.999344
0.999388
0.999428
0.999466
0.999502
0.999535
0.999566
0.999595
0.999622
0.999647
0.999671
0.999693
0.999713
0.999732
0.999750
0.999767
0.999783
0.999797
0.999811
0.999823
0.999835
0.999846
0.999856
0.999866
0.999875
0.999883
0.999891
0.999898
0.999905
0.999911
0.999917
0.999923
0.999928
0.999933
0.999937
0.999941
0.999945
0.999949
0.999952
0.999956
0.999959
0.999961
0.999964
0.999966
0.999969
0.999971
0.999973
0.999974
0.999976
0.999978
0.999979
0.999981
0.999982
0.999983
0.999984
0.999985
0.999986
0.999987
0.999988
0.999989
0.999990
0.999990
0.999991
0.999992
0.999992
0.999993
0.999993
0.999994
0.999994
0.999995
0.999995
0.999995
0.999996
0.999996
0.999996
0.999996
0.999997
0.999997
0.999997
0.999997
0.999997
0.999998
0.999998
0.999998
0.999998
0.999998
0.999998
0.999998
0.999999
0.999999
0.999999
0.999999
0.999999
0.999999
0.999999
0.999999
0.999999
0.999999
0.999999
0.999999
0.999999
0.999999
1.000000
1.000000
1.000000
1.000000
1.000000
1.000000
1.000000
1.000000
1.000000
1.000000
1.000000
1.000000
1.000000
1.000000
1.000000
1.000000
1.000000
1.000000
1.000000
1.000000
1.000000
1.000000
1.000000
1.000000
1.000000
1.000000
1.000000
1.000000
1.000000
1.000000
1.000000
1.000000
1.000000
1.000000
1.000000
1.000000
1.000000
1.000000
1.000000
1.000000
1.000000
1.000000
1.000000
1.000000
1.000000
1.000000
1.000000
1.000000
1.000000
1.000000
1.000000
1.000000
1.000000
1.000000
1.000000
1.000000
1.000000
1.000000
1.000000
1.000000
1.000000
1.000000
1.000000
1.000000
1.000000
1.000000
1.000000
1.000000
1.000000
1.000000
1.000000
1.000000
1.000000
1.000000
1.000000
1.000000
1.000000
1.000000
1.000000
1.000000
1.000000
1.000000
1.000000
1.000000
1.000000
1.000000
1.000000
1.000000
1.000000
1.000000
1.000000
1.000000
1.000000
1.000000
1.000000
1.000000
1.000000
1.000000
1.000000
1.000000
1.000000
1.000000
1.000000
1.000000
1.000000
1.000000
1.000000
1.000000
1.000000
1.000000
1.000000
1.000000
1.000000
1.000000
1.000000
1.000000
1.000000
1.000000
1.000000
1.000000
1.000000
1.000000
1.000000
1.000000
1.000000
1.000000
1.000000
1.000000
1.000000
1.000000
1.000000
1.000000
1.000000
1.000000
1.000000
1.000000
1.000000
1.000000
1.000000
1.000000
1.000000
1.000000
1.000000
1.000000
1.000000
1.000000
1.000000
1.000000
1.000000
1.000000
1.000000
1.000000
1.000000
1.000000
1.000000
1.000000
1.000000
1.000000
1.000000
1.000000
1.000000
1.000000
1.000000
1.000000
1.000000
1.000000
1.000000
1.000000
1.000000
1.000000
1.000000
1.000000
1.000000
1.000000
1.000000
1.000000
1.000000
1.000000
1.000000
1.000000
1.000000
1.000000
1.000000
1.000000
1.000000
1.000000
1.000000
1.000000
1.000000
1.000000
1.000000
1.000000
1.000000
1.000000
1.000000
1.000000
1.000000
1.000000
1.000000
1.000000
1.000000
1.000000
1.000000
1.000000
1.000000
1.000000
1.000000
1.000000
1.000000
1.000000
1.000000
1.000000
1.000000
1.000000
1.000000
1.000000
1.000000
1.000000
1.000000
1.000000
1.000000
1.000000
1.000000
1.000000
1.000000
1.000000
1.000000
1.000000
1.000000
1.000000
1.000000
1.000000
1.000000
1.000000
1.000000
1.000000
1.000000
1.000000
1.000000
1.000000
1.000000
1.000000
1.000000
1.000000
1.000000
1.000000
1.000000
1.000000
1.000000
1.000000
1.000000
1.000000
1.000000
1.000000
1.000000
1.000000
1.000000
1.000000
1.000000
1.000000
1.000000
1.000000
1.000000
1.000000
1.000000
1.000000
1.000000
1.000000
1.000000
1.000000
1.000000
1.000000
1.000000
1.000000
1.000000
1.000000
1.000000
1.000000
1.000000
1.000000
1.000000
1.000000
1.000000
1.000000
1.000000
1.000000
1.000000
1.000000
1.000000
1.000000
1.000000
1.000000
1.000000
1.000000
1.000000
1.000000
1.000000
1.000000
1.000000
1.000000
1.000000
1.000000
1.000000
1.000000
1.000000
1.000000
1.000000
1.000000
1.000000
1.000000
1.000000
1.000000
1.000000
1.000000
1.000000
1.000000
1.000000
1.000000
1.000000
1.000000
1.000000
1.000000
1.000000
1.000000
1.000000
1.000000
1.000000
1.000000
1.000000
1.000000
1.000000
1.000000
1.000000
1.000000
1.000000
1.000000
1.000000
1.000000
1.000000
1.000000
1.000000
1.000000
1.000000
1.000000
1.000000
1.000000
1.000000
1.000000
1.000000
1.000000
1.000000
1.000000
1.000000
1.000000
1.000000
1.000000
1.000000
1.000000
1.000000
1.000000
1.000000
1.000000
1.000000
1.000000
1.000000
1.000000
1.000000
1.000000
1.000000
1.000000
1.000000
1.000000
1.000000
1.000000
1.000000
1.000000
1.000000
1.000000
1.000000
1.000000
1.000000
1.000000
1.000000
1.000000
1.000000
1.000000
1.000000
1.000000
1.000000
