0.000000
0.000175
0.000707
0.001572
0.002749
0.004219
0.005963
0.007964
0.010208
0.012681
0.015371
0.018265
0.021354
0.024630
0.028082
0.031706
0.035454
0.039233
0.043046
0.046901
0.050804
0.054761
0.058781
0.062870
0.067036
0.071286
0.075630
0.080075
0.084632
0.089310
0.094119
0.099072
0.104180
0.109459
0.114922
0.120587
0.126473
0.132600
0.138991
0.145669
0.152665
0.160011
0.167745
0.175911
0.184553
0.193724
0.203484
0.213906
0.225075
0.237088
0.250066
0.264156
0.279541
0.296437
0.315121
0.335965
0.359468
0.386306
0.417065
0.447331
0.475582
0.501953
0.526568
0.549545
0.570993
0.591013
0.609702
0.627147
0.643432
0.658634
0.672826
0.686074
0.698441
0.709987
0.720766
0.730828
0.740223
0.748994
0.757183
0.764829
0.771968
0.778633
0.784857
0.790669
0.796096
0.801163
0.805896
0.810316
0.814444
0.818299
0.821900
0.825264
0.828406
0.831342
0.834084
0.836646
0.839041
0.841278
0.843369
0.845323
0.847149
0.848857
0.850453
0.851946
0.853342
0.854647
0.855868
0.857011
0.858079
0.859080
0.860016
0.860893
0.861714
0.862483
0.863203
0.863878
0.864511
0.865104
0.865661
0.866183
0.866673
0.867133
0.867565
0.867970
0.868352
0.868711
0.869048
0.869366
0.869665
0.869947
0.870213
0.870464
0.870701
0.870924
0.871136
0.871336
0.871525
0.871704
0.871874
0.872036
0.872189
0.872335
0.872473
0.872606
0.872732
0.872852
0.872967
0.873076
0.873181
0.873282
0.873379
0.873472
0.873561
0.873647
0.873730
0.873810
0.873887
0.873961
0.874034
0.874104
0.874172
0.874238
0.874303
0.874365
0.874426
0.874486
0.874544
0.874601
0.874657
0.874712
0.874766
0.874819
0.874871
0.874922
0.874972
0.875021
0.875070
0.875119
0.875166
0.875213
0.875260
0.875306
0.875352
0.875397
0.875442
0.875486
0.875530
0.875574
0.875618
0.875661
0.875704
0.875746
0.875789
0.875831
0.875873
0.875915
0.875957
0.875998
0.876040
0.876081
0.876122
0.876163
0.876204
0.876245
0.876286
0.876327
0.876367
0.876408
0.876448
0.876488
0.876528
0.876569
0.876609
0.876649
0.876689
0.876728
0.876768
0.876808
0.876848
0.876888
0.876927
0.876967
0.877007
0.877046
0.877086
0.877125
0.877165
0.877204
0.877243
0.877282
0.877321
0.877360
0.877399
0.877438
0.877477
0.877516
0.877554
0.877593
0.877632
0.877670
0.877709
0.877748
0.877786
0.877825
0.877863
0.877902
0.877940
0.877979
0.878017
0.878055
0.878094
0.878132
0.878170
0.878209
0.878247
0.878285
0.878324
0.878362
0.878400
0.878438
0.878477
0.878515
0.878553
0.878591
0.878630
0.878668
0.878706
0.878744
0.878783
0.878821
0.878859
0.878897
0.878935
0.878974
0.879012
0.879050
0.879088
0.879126
0.879165
0.879203
0.879241
0.879279
0.879317
0.879355
0.879393
0.879432
0.879470
0.879508
0.879546
0.879584
0.879622
0.879660
0.879699
0.879737
0.879775
0.879813
0.879851
0.879889
0.879927
0.879966
0.880004
0.880042
0.880080
0.880118
0.880156
0.880194
0.880233
0.880271
0.880309
0.880347
0.880385
0.880423
0.880462
0.880500
0.880538
0.880576
0.880614
0.880652
0.880690
0.880729
0.880767
0.880805
0.880843
0.880881
0.880918
0.880956
0.880994
0.881032
0.881069
0.881107
0.881145
0.881183
0.881221
0.881259
0.881296
0.881334
0.881372
0.881410
0.881448
0.881486
0.881524
0.881561
0.881599
0.881637
0.881674
0.881712
0.881750
0.881787
0.881825
0.881862
0.881900
0.881937
0.881974
0.882012
0.882049
0.882086
0.882124
0.882161
0.882198
0.882235
0.882273
0.882310
0.882347
0.882384
0.882421
0.882459
0.882496
0.882533
0.882570
0.882607
0.882644
0.882681
0.882718
0.882755
0.882792
0.882829
0.882866
0.882903
0.882940
0.882977
0.883014
0.883051
0.883088
0.883125
0.883162
0.883200
0.883236
0.883273
0.883310
0.883347
0.883384
0.883421
0.883458
0.883495
0.883532
0.883569
0.883606
0.883643
0.883680
0.883717
0.883753
0.883790
0.883827
0.883864
0.883901
0.883937
0.883974
0.884011
0.884048
0.884085
0.884122
0.884158
0.884195
0.884232
0.884269
0.884306
0.884343
0.884379
0.884416
0.884453
0.884490
0.884526
0.884563
0.884600
0.884636
0.884673
0.884710
0.884746
0.884783
0.884820
0.884856
0.884893
0.884929
0.884966
0.885003
0.885039
0.885076
0.885112
0.885148
0.885185
0.885221
0.885258
0.885294
0.885330
0.885367
0.885403
0.885439
0.885475
0.885512
0.885548
0.885584
0.885620
0.885656
0.885693
0.885729
0.885765
0.885801
0.885837
0.885873
0.885909
0.885945
0.885981
0.886017
0.886053
0.886089
0.886125
0.886161
0.886197
0.886233
0.886269
0.886304
0.886340
0.886376
0.886412
0.886448
0.886484
0.886520
0.886555
0.886591
0.886627
0.886663
0.886699
0.886735
0.886770
0.886806
0.886842
0.886878
0.886914
0.886950
0.886985
0.887021
0.887057
0.887093
0.887128
0.887164
0.887200
0.887236
0.887271
0.887307
0.887343
0.887379
0.887415
0.887450
0.887486
0.887522
0.887558
0.887593
0.887629
0.887665
0.887701
0.887736
0.887772
0.887808
0.887844
0.887879
0.887915
0.887951
0.887987
0.888022
0.888058
0.888094
0.888129
0.888165
0.888201
0.888236
0.888272
0.888308
0.888343
0.888379
0.888415
0.888450
0.888486
0.888522
0.888557
0.888593
0.888628
0.888664
0.888699
0.888735
0.888770
0.888806
0.888841
0.888876
0.888912
0.888947
0.888983
0.889018
0.889053
0.889089
0.889124
0.889159
0.889194
0.889230
0.889265
0.889300
0.889335
0.889370
0.889405
0.889440
0.889475
0.889509
0.889544
0.889579
0.889614
0.889649
0.889684
0.889719
0.889754
0.889788
0.889823
0.889858
0.889893
0.889928
0.889962
0.889997
0.890032
0.890067
0.890101
0.890136
0.890171
0.890206
0.890240
0.890275
0.890310
0.890344
0.890379
0.890414
0.890448
0.890483
0.890517
0.890552
0.890587
0.890621
0.890656
0.890691
0.890725
0.890760
0.890794
0.890829
0.890864
0.890898
0.890933
0.890967
0.891002
0.891037
0.891071
0.891106
0.891140
0.891175
0.891209
0.891244
0.891279
0.891313
0.891348
0.891382
0.891417
0.891451
0.891486
0.891521
0.891555
0.891590
0.891624
0.891659
0.891693
0.891728
0.891762
0.891797
0.891831
0.891866
0.891900
0.891935
0.891969
0.892004
0.892038
0.892072
0.892107
0.892141
0.892175
0.892210
0.892244
0.892278
0.892313
0.892347
0.892381
0.892415
0.892450
0.892484
0.892518
0.892552
0.892586
0.892620
0.892654
0.892688
0.892722
0.892756
0.892791
0.892825
0.892859
0.892893
0.892927
0.892961
0.892995
0.893029
0.893063
0.893097
0.893131
0.893165
0.893199
0.893233
0.893267
0.893301
0.893334
0.893368
0.893402
0.893436
0.893470
0.893503
0.893537
0.893571
0.893605
0.893638
0.893672
0.893706
0.893739
0.893773
0.893806
0.893840
0.893874
0.893907
0.893941
0.893974
0.894008
0.894041
0.894075
0.894108
0.894142
0.894175
0.894209
0.894242
0.894276
0.894309
0.894343
0.894376
0.894410
0.894443
0.894476
0.894510
0.894543
0.894577
0.894610
0.894644
0.894677
0.894710
0.894744
0.894777
0.894811
0.894844
0.894877
0.894911
0.894944
0.894978
0.895011
0.895044
0.895078
0.895111
0.895144
0.895178
0.895211
0.895245
0.895278
0.895311
0.895345
0.895378
0.895411
0.895445
0.895478
0.895512
0.895545
0.895578
0.895612
0.895645
0.895679
0.895712
0.895745
0.895779
0.895812
0.895845
0.895879
0.895912
0.895946
0.895979
0.896012
0.896046
0.896079
0.896112
0.896146
0.896179
0.896212
0.896246
0.896279
0.896312
0.896346
0.896379
0.896412
0.896445
0.896478
0.896511
0.896545
0.896578
0.896611
0.896644
0.896677
0.896710
0.896743
0.896776
0.896809
0.896842
0.896875
0.896908
0.896941
0.896974
0.897007
0.897039
0.897072
0.897105
0.897138
0.897171
0.897203
0.897236
0.897269
0.897301
0.897334
0.897367
0.897399
0.897432
0.897464
0.897497
0.897529
0.897562
0.897594
0.897627
0.897659
0.897692
0.897724
0.897757
0.897789
0.897821
0.897854
0.897886
0.897918
0.897951
0.897983
0.898015
0.898048
0.898080
0.898112
0.898144
0.898177
0.898209
0.898241
0.898274
0.898306
0.898338
0.898370
0.898403
0.898435
0.898467
0.898499
0.898532
0.898564
0.898596
0.898628
0.898661
0.898693
0.898725
0.898757
0.898790
0.898822
0.898854
0.898886
0.898919
0.898951
0.898983
0.899015
0.899047
0.899080
0.899112
0.899144
0.899176
0.899208
0.899240
0.899273
0.899305
0.899337
0.899369
0.899401
0.899434
0.899466
0.899498
0.899530
0.899562
0.899594
0.899627
0.899659
0.899691
0.899723
0.899755
0.899788
0.899820
0.899852
0.899884
0.899916
0.899948
0.899980
0.900012
0.900044
0.900076
0.900108
0.900140
0.900172
0.900204
0.900236
0.900268
0.900300
0.900332
0.900364
0.900395
0.900427
0.900459
0.900491
0.900522
0.900554
0.900586
0.900617
0.900649
0.900681
0.900713
0.900745
0.900776
0.900808
0.900840
0.900872
0.900904
0.900935
0.900967
0.900999
0.901030
0.901062
0.901093
0.901125
0.901156
0.901188
0.901219
0.901250
0.901282
0.901313
0.901344
0.901376
0.901407
0.901438
0.901470
0.901501
0.901532
0.901563
0.901594
0.901626
0.901657
0.901688
0.901719
0.901750
0.901781
0.901812
0.901843
0.901875
0.901906
0.901937
0.901968
0.901999
0.902030
0.902061
0.902092
0.902123
0.902154
0.902185
0.902216
0.902247
0.902278
0.902309
0.902340
0.902372
0.902403
0.902434
0.902465
0.902496
0.902526
0.902557
0.902588
0.902619
0.902650
0.902681
0.902712
0.902743
0.902774
0.902805
0.902836
0.902867
0.902898
0.902929
0.902960
0.902991
0.903022
0.903053
0.903084
0.903115
0.903146
0.903177
0.903208
0.903239
0.903270
0.903301
0.903332
0.903363
0.903394
0.903425
0.903456
0.903487
0.903518
0.903549
0.903580
0.903611
0.903642
0.903673
0.903704
0.903735
0.903766
0.903797
0.903828
0.903859
0.903890
0.903921
0.903952
0.903983
0.904014
0.904045
0.904076
0.904107
0.904138
0.904169
0.904200
0.904231
0.904262
0.904293
0.904324
0.904355
0.904386
0.904417
0.904447
0.904478
0.904509
0.904540
0.904571
0.904601
0.904632
0.904663
0.904694
0.904724
0.904755
0.904786
0.904816
0.904847
0.904878
0.904908
0.904939
0.904969
0.905000
0.905030
0.905061
0.905091
0.905121
0.905152
0.905182
0.905213
0.905243
0.905273
0.905304
0.905334
0.905364
0.905395
0.905425
0.905455
0.905485
0.905516
0.905546
0.905576
0.905607
0.905637
0.905667
0.905697
0.905727
0.905758
0.905788
0.905818
0.905848
0.905878
0.905909
0.905939
0.905969
0.905999
0.906029
0.906059
0.906089
0.906119
0.906149
0.906179
0.906209
0.906239
0.906269
0.906299
0.906329
0.906359
0.906389
0.906419
0.906449
0.906479
0.906509
0.906539
0.906569
0.906598
0.906628
0.906658
0.906688
0.906718
0.906748
0.906778
0.906807
0.906837
0.906867
0.906897
0.906927
0.906957
0.906987
0.907016
0.907046
0.907076
0.907106
0.907136
0.907165
0.907195
0.907225
0.907255
0.907285
0.907314
0.907344
0.907374
0.907404
0.907434
0.907463
0.907493
0.907523
0.907553
0.907583
0.907612
0.907642
0.907672
0.907702
0.907732
0.907761
0.907791
0.907821
0.907851
0.907881
0.907910
0.907940
0.907970
0.908000
0.908030
0.908059
0.908089
0.908119
0.908149
0.908179
0.908208
0.908238
0.908268
0.908298
0.908328
0.908358
0.908387
0.908417
0.908447
0.908477
0.908507
0.908536
0.908566
0.908596
0.908626
0.908656
0.908685
0.908715
0.908745
0.908775
0.908804
0.908834
0.908864
0.908893
0.908923
0.908953
0.908982
0.909012
0.909042
0.909071
0.909101
0.909131
0.909160
0.909189
0.909219
0.909248
0.909277
0.909306
0.909336
0.909365
0.909394
0.909423
0.909452
0.909481
0.909510
0.909539
0.909568
0.909597
0.909626
0.909655
0.909683
0.909712
0.909741
0.909770
0.909799
0.909828
0.909857
0.909886
0.909915
0.909944
0.909973
0.910002
0.910031
0.910060
0.910089
0.910118
0.910147
0.910176
0.910205
0.910234
0.910263
0.910292
0.910321
0.910349
0.910378
0.910407
0.910436
0.910465
0.910493
0.910522
0.910551
0.910580
0.910608
0.910637
0.910666
0.910695
0.910723
0.910752
0.910781
0.910809
0.910838
0.910867
0.910895
0.910924
0.910953
0.910981
0.911010
0.911039
0.911067
0.911096
0.911125
0.911153
0.911182
0.911211
0.911239
0.911268
0.911296
0.911325
0.911354
0.911382
0.911411
0.911439
0.911468
0.911497
0.911525
0.911554
0.911583
0.911611
0.911640
0.911668
0.911697
0.911726
0.911754
0.911783
0.911811
0.911840
0.911869
0.911897
0.911926
0.911954
0.911983
0.912012
0.912040
0.912069
0.912098
0.912126
0.912155
0.912183
0.912212
0.912241
0.912269
0.912298
0.912326
0.912355
0.912384
0.912412
0.912441
0.912469
0.912498
0.912527
0.912555
0.912584
0.912612
0.912641
0.912670
0.912698
0.912727
0.912756
0.912784
0.912813
0.912841
0.912870
0.912899
0.912927
0.912956
0.912984
0.913013
0.913042
0.913070
0.913099
0.913127
0.913156
0.913185
0.913213
0.913242
0.913270
0.913299
0.913328
0.913356
0.913385
0.913413
0.913442
0.913470
0.913499
0.913528
0.913556
0.913585
0.913613
0.913642
0.913670
0.913699
0.913727
0.913756
0.913784
0.913812
0.913841
0.913869
0.913897
0.913926
0.913954
0.913983
0.914011
0.914039
0.914067
0.914096
0.914124
0.914152
0.914181
0.914209
0.914237
0.914265
0.914293
0.914321
0.914350
0.914378
0.914406
0.914434
0.914462
0.914490
0.914518
0.914546
0.914574
0.914602
0.914630
0.914657
0.914685
0.914713
0.914741
0.914769
0.914796
0.914824
0.914852
0.914880
0.914907
0.914935
0.914963
0.914990
0.915018
0.915045
0.915073
0.915101
0.915128
0.915156
0.915183
0.915211
0.915238
0.915266
0.915293
0.915321
0.915348
0.915376
0.915403
0.915431
0.915458
0.915486
0.915513
0.915541
0.915568
0.915596
0.915623
0.915651
0.915678
0.915706
0.915733
0.915761
0.915788
0.915815
0.915843
0.915870
0.915898
0.915925
0.915953
0.915980
0.916007
0.916035
0.916062
0.916090
0.916117
0.916144
0.916172
0.916199
0.916227
0.916254
0.916282
0.916309
0.916336
0.916364
0.916391
0.916419
0.916446
0.916473
0.916501
0.916528
0.916556
0.916583
0.916611
0.916638
0.916665
0.916693
0.916720
0.916748
0.916775
0.916802
0.916830
0.916857
0.916885
0.916912
0.916940
0.916967
0.916994
0.917022
0.917049
0.917077
0.917104
0.917131
0.917159
0.917186
0.917214
0.917241
0.917268
0.917296
0.917323
0.917350
0.917378
0.917405
0.917433
0.917460
0.917487
0.917515
0.917542
0.917569
0.917597
0.917624
0.917652
0.917679
0.917706
0.917734
0.917761
0.917789
0.917816
0.917843
0.917871
0.917898
0.917926
0.917953
0.917980
0.918008
0.918035
0.918063
0.918090
0.918117
0.918145
0.918172
0.918199
0.918226
0.918254
0.918281
0.918308
0.918335
0.918363
0.918390
0.918417
0.918444
0.918472
0.918499
0.918526
0.918553
0.918580
0.918607
0.918633
0.918660
0.918687
0.918714
0.918740
0.918767
0.918794
0.918820
0.918847
0.918873
0.918900
0.918926
0.918953
0.918979
0.919006
0.919032
0.919059
0.919085
0.919111
0.919138
0.919164
0.919191
0.919217
0.919243
0.919270
0.919296
0.919323
0.919349
0.919376
0.919402
0.919428
0.919455
0.919481
0.919508
0.919534
0.919560
0.919587
0.919613
0.919639
0.919666
0.919692
0.919719
0.919745
0.919771
0.919797
0.919824
0.919850
0.919876
0.919903
0.919929
0.919955
0.919981
0.920008
0.920034
0.920060
0.920087
0.920113
0.920139
0.920165
0.920192
0.920218
0.920244
0.920271
0.920297
0.920323
0.920349
0.920376
0.920402
0.920428
0.920454
0.920481
0.920507
0.920533
0.920559
0.920586
0.920612
0.920638
0.920664
0.920690
0.920717
0.920743
0.920769
0.920795
0.920822
0.920848
0.920874
0.920900
0.920927
0.920953
0.920979
0.921005
0.921031
0.921058
0.921084
0.921110
0.921136
0.921163
0.921189
0.921215
0.921241
0.921267
0.921294
0.921320
0.921346
0.921372
0.921399
0.921425
0.921451
0.921477
0.921503
0.921530
0.921556
0.921582
0.921608
0.921635
0.921661
0.921687
0.921713
0.921740
0.921766
0.921792
0.921818
0.921844
0.921871
0.921897
0.921923
0.921949
0.921976
0.922002
0.922028
0.922054
0.922080
0.922107
0.922133
0.922159
0.922185
0.922212
0.922238
0.922264
0.922290
0.922316
0.922343
0.922369
0.922395
0.922421
0.922448
0.922474
0.922500
0.922526
0.922553
0.922579
0.922605
0.922631
0.922657
0.922683
0.922710
0.922736
0.922762
0.922788
0.922814
0.922840
0.922867
0.922893
0.922919
0.922945
0.922971
0.922997
0.923023
0.923049
0.923075
0.923101
0.923127
0.923153
0.923178
0.923204
0.923230
0.923256
0.923281
0.923307
0.923333
0.923359
0.923384
0.923410
0.923435
0.923461
0.923486
0.923512
0.923537
0.923563
0.923588
0.923614
0.923639
0.923665
0.923690
0.923716
0.923741
0.923767
0.923793
0.923818
0.923844
0.923870
0.923895
0.923921
0.923947
0.923972
0.923998
0.924024
0.924049
0.924075
0.924101
0.924126
0.924152
0.924177
0.924203
0.924229
0.924254
0.924280
0.924305
0.924331
0.924356
0.924382
0.924407
0.924433
0.924458
0.924483
0.924509
0.924534
0.924559
0.924584
0.924610
0.924635
0.924660
0.924685
0.924710
0.924736
0.924761
0.924786
0.924811
0.924836
0.924861
0.924887
0.924912
0.924937
0.924962
0.924987
0.925012
0.925037
0.925062
0.925087
0.925112
0.925138
0.925163
0.925188
0.925213
0.925238
0.925263
0.925288
0.925313
0.925338
0.925363
0.925388
0.925413
0.925438
0.925463
0.925488
0.925513
0.925538
0.925564
0.925589
0.925614
0.925639
0.925664
0.925689
0.925714
0.925739
0.925764
0.925789
0.925814
0.925839
0.925864
0.925889
0.925914
0.925939
0.925964
0.925989
0.926014
0.926039
0.926064
0.926089
0.926114
0.926139
0.926164
0.926189
0.926214
0.926239
0.926264
0.926289
0.926315
0.926340
0.926365
0.926390
0.926415
0.926440
0.926465
0.926490
0.926515
0.926540
0.926565
0.926590
0.926615
0.926640
0.926665
0.926690
0.926715
0.926740
0.926765
0.926790
0.926815
0.926840
0.926865
0.926890
0.926915
0.926940
0.926965
0.926990
0.927015
0.927041
0.927066
0.927091
0.927116
0.927141
0.927166
0.927191
0.927216
0.927241
0.927266
0.927290
0.927315
0.927340
0.927365
0.927390
0.927414
0.927439
0.927464
0.927488
0.927513
0.927537
0.927562
0.927587
0.927611
0.927636
0.927661
0.927685
0.927710
0.927735
0.927759
0.927784
0.927809
0.927834
0.927858
0.927883
0.927908
0.927933
0.927958
0.927983
0.928007
0.928032
0.928057
0.928082
0.928107
0.928132
0.928156
0.928181
0.928206
0.928230
0.928255
0.928280
0.928305
0.928329
0.928354
0.928379
0.928403
0.928428
0.928453
0.928477
0.928502
0.928526
0.928551
0.928575
0.928600
0.928624
0.928648
0.928673
0.928697
0.928721
0.928745
0.928770
0.928794
0.928818
0.928842
0.928866
0.928891
0.928915
0.928939
0.928963
0.928987
0.929011
0.929035
0.929059
0.929083
0.929107
0.929131
0.929155
0.929179
0.929203
0.929227
0.929251
0.929275
0.929299
0.929323
0.929347
0.929370
0.929394
0.929418
0.929442
0.929466
0.929490
0.929514
0.929538
0.929562
0.929586
0.929609
0.929633
0.929657
0.929681
0.929705
0.929729
0.929753
0.929776
0.929800
0.929824
0.929848
0.929872
0.929896
0.929919
0.929943
0.929967
0.929991
0.930015
0.930039
0.930062
0.930086
0.930110
0.930134
0.930158
0.930182
0.930206
0.930229
0.930253
0.930277
0.930301
0.930325
0.930349
0.930372
0.930396
0.930420
0.930444
0.930468
0.930492
0.930515
0.930539
0.930563
0.930587
0.930611
0.930635
0.930659
0.930682
0.930706
0.930730
0.930754
0.930778
0.930802
0.930825
0.930849
0.930873
0.930897
0.930921
0.930945
0.930968
0.930992
0.931016
0.931040
0.931064
0.931088
0.931112
0.931135
0.931159
0.931183
0.931207
0.931231
0.931255
0.931278
0.931302
0.931326
0.931350
0.931374
0.931398
0.931421
0.931445
0.931469
0.931493
0.931517
0.931541
0.931565
0.931588
0.931612
0.931636
0.931660
0.931684
0.931708
0.931731
0.931755
0.931779
0.931803
0.931827
0.931851
0.931874
0.931898
0.931922
0.931946
0.931970
0.931994
0.932018
0.932041
0.932065
0.932089
0.932113
0.932137
0.932161
0.932184
0.932208
0.932232
0.932256
0.932280
0.932304
0.932327
0.932351
0.932375
0.932399
0.932423
0.932447
0.932471
0.932494
0.932518
0.932542
0.932566
0.932590
0.932614
0.932637
0.932661
0.932685
0.932709
0.932733
0.932757
0.932780
0.932804
0.932828
0.932852
0.932876
0.932900
0.932923
0.932947
0.932971
0.932995
0.933019
0.933043
0.933067
0.933090
0.933114
0.933138
0.933162
0.933186
0.933209
0.933233
0.933257
0.933280
0.933304
0.933327
0.933351
0.933374
0.933398
0.933421
0.933444
0.933468
0.933491
0.933514
0.933537
0.933560
0.933583
0.933607
0.933630
0.933653
0.933676
0.933699
0.933722
0.933745
0.933768
0.933791
0.933814
0.933836
0.933859
0.933882
0.933905
0.933928
0.933951
0.933973
0.933996
0.934019
0.934042
0.934065
0.934087
0.934110
0.934133
0.934156
0.934178
0.934201
0.934224
0.934246
0.934269
0.934292
0.934314
0.934337
0.934360
0.934383
0.934405
0.934428
0.934451
0.934473
0.934496
0.934519
0.934541
0.934564
0.934587
0.934609
0.934632
0.934655
0.934677
0.934700
0.934723
0.934745
0.934768
0.934791
0.934813
0.934836
0.934859
0.934881
0.934904
0.934926
0.934949
0.934972
0.934994
0.935017
0.935040
0.935062
0.935085
0.935108
0.935130
0.935153
0.935176
0.935198
0.935221
0.935244
0.935266
0.935289
0.935311
0.935334
0.935357
0.935379
0.935402
0.935425
0.935447
0.935470
0.935493
0.935515
0.935538
0.935561
0.935583
0.935606
0.935629
0.935651
0.935674
0.935697
0.935719
0.935742
0.935764
0.935787
0.935810
0.935832
0.935855
0.935878
0.935900
0.935923
0.935946
0.935968
0.935991
0.936014
0.936036
0.936059
0.936082
0.936104
0.936127
0.936150
0.936172
0.936195
0.936217
0.936240
0.936263
0.936285
0.936308
0.936331
0.936353
0.936376
0.936399
0.936421
0.936444
0.936467
0.936489
0.936512
0.936535
0.936557
0.936580
0.936603
0.936625
0.936648
0.936670
0.936693
0.936716
0.936738
0.936761
0.936784
0.936806
0.936829
0.936852
0.936874
0.936897
0.936920
0.936942
0.936965
0.936988
0.937010
0.937033
0.937056
0.937078
0.937101
0.937123
0.937146
0.937168
0.937191
0.937214
0.937236
0.937259
0.937281
0.937304
0.937326
0.937349
0.937371
0.937394
0.937416
0.937439
0.937461
0.937483
0.937506
0.937528
0.937551
0.937573
0.937595
0.937618
0.937640
0.937662
0.937684
0.937707
0.937729
0.937751
0.937773
0.937795
0.937817
0.937839
0.937861
0.937883
0.937906
0.937928
0.937950
0.937972
0.937994
0.938016
0.938038
0.938061
0.938083
0.938105
0.938127
0.938150
0.938172
0.938195
0.938217
0.938239
0.938262
0.938284
0.938307
0.938329
0.938352
0.938374
0.938396
0.938419
0.938441
0.938463
0.938486
0.938508
0.938530
0.938552
0.938575
0.938597
0.938619
0.938641
0.938663
0.938686
0.938708
0.938730
0.938752
0.938774
0.938796
0.938818
0.938840
0.938862
0.938884
0.938906
0.938928
0.938950
0.938971
0.938993
0.939015
0.939037
0.939059
0.939081
0.939102
0.939124
0.939146
0.939168
0.939189
0.939211
0.939233
0.939254
0.939276
0.939298
0.939319
0.939341
0.939362
0.939384
0.939406
0.939427
0.939449
0.939470
0.939492
0.939513
0.939535
0.939556
0.939578
0.939599
0.939621
0.939642
0.939664
0.939685
0.939707
0.939728
0.939750
0.939772
0.939793
0.939815
0.939836
0.939857
0.939879
0.939900
0.939922
0.939943
0.939965
0.939986
0.940008
0.940029
0.940051
0.940072
0.940093
0.940115
0.940136
0.940158
0.940179
0.940201
0.940222
0.940244
0.940265
0.940287
0.940308
0.940329
0.940351
0.940372
0.940394
0.940415
0.940437
0.940458
0.940480
0.940501
0.940523
0.940544
0.940566
0.940587
0.940608
0.940630
0.940651
0.940673
0.940694
0.940716
0.940737
0.940759
0.940780
0.940802
0.940823
0.940844
0.940866
0.940887
0.940909
0.940930
0.940952
0.940973
0.940995
0.941016
0.941038
0.941059
0.941081
0.941102
0.941123
0.941145
0.941166
0.941188
0.941209
0.941231
0.941252
0.941274
0.941295
0.941317
0.941338
0.941359
0.941381
0.941402
0.941424
0.941445
0.941467
0.941488
0.941510
0.941531
0.941553
0.941574
0.941595
0.941617
0.941638
0.941660
0.941681
0.941703
0.941724
0.941746
0.941767
0.941789
0.941810
0.941832
0.941853
0.941874
0.941896
0.941917
0.941939
0.941960
0.941982
0.942003
0.942025
0.942046
0.942068
0.942089
0.942110
0.942132
0.942153
0.942175
0.942196
0.942218
0.942239
