0.000000
0.000084
0.000342
0.000767
0.001350
0.002086
0.002968
0.003992
0.005152
0.006444
0.007865
0.009411
0.011079
0.012867
0.014773
0.016795
0.018931
0.021182
0.023546
0.026025
0.028617
0.031324
0.034148
0.037088
0.040149
0.043332
0.046641
0.050078
0.053648
0.057355
0.061205
0.065203
0.069357
0.073674
0.078161
0.082830
0.087689
0.092752
0.098032
0.103544
0.109304
0.115334
0.121655
0.128291
0.135271
0.142625
0.150389
0.158606
0.167326
0.176600
0.186487
0.197057
0.208394
0.220595
0.233774
0.248066
0.263643
0.280712
0.299521
0.320394
0.343749
0.370140
0.399911
0.428944
0.456041
0.481331
0.504936
0.526967
0.547529
0.566720
0.584632
0.601350
0.616953
0.631516
0.645108
0.657794
0.669634
0.680685
0.691000
0.700626
0.709611
0.717997
0.725824
0.733128
0.739946
0.746310
0.752249
0.757792
0.762966
0.767795
0.772302
0.776508
0.780434
0.784099
0.787519
0.790711
0.793690
0.796470
0.799065
0.801488
0.803748
0.805858
0.807828
0.809666
0.811381
0.812982
0.814477
0.815872
0.817173
0.818388
0.819522
0.820581
0.821568
0.822490
0.823351
0.824154
0.824904
0.825603
0.826256
0.826866
0.827435
0.827966
0.828461
0.828924
0.829355
0.829758
0.830134
0.830485
0.830813
0.831118
0.831404
0.831670
0.831918
0.832150
0.832367
0.832569
0.832758
0.832934
0.833098
0.833251
0.833395
0.833528
0.833653
0.833769
0.833878
0.833979
0.834074
0.834162
0.834245
0.834321
0.834393
0.834460
0.834523
0.834581
0.834636
0.834686
0.834734
0.834778
0.834820
0.834858
0.834894
0.834928
0.834959
0.834988
0.835016
0.835041
0.835065
0.835087
0.835108
0.835127
0.835145
0.835162
0.835178
0.835193
0.835206
0.835219
0.835231
0.835242
0.835253
0.835262
0.835271
0.835280
0.835288
0.835295
0.835302
0.835308
0.835315
0.835320
0.835325
0.835330
0.835335
0.835339
0.835343
0.835347
0.835350
0.835353
0.835356
0.835359
0.835362
0.835364
0.835366
0.835369
0.835371
0.835372
0.835374
0.835376
0.835377
0.835379
0.835380
0.835381
0.835382
0.835383
0.835384
0.835385
0.835386
0.835387
0.835388
0.835389
0.835389
0.835390
0.835390
0.835391
0.835391
0.835392
0.835392
0.835393
0.835393
0.835393
0.835394
0.835394
0.835394
0.835395
0.835395
0.835395
0.835395
0.835396
0.835396
0.835396
0.835396
0.835396
0.835396
0.835396
0.835397
0.835397
0.835397
0.835397
0.835397
0.835397
0.835397
0.835397
0.835397
0.835397
0.835397
0.835397
0.835398
0.835398
0.835398
0.835398
0.835398
0.835398
0.835398
0.835398
0.835398
0.835398
0.835398
0.835398
0.835398
0.835398
0.835398
0.835398
0.835398
0.835398
0.835398
0.835398
0.835398
0.835398
0.835398
0.835398
0.835398
0.835398
0.835398
0.835398
0.835398
0.835398
0.835398
0.835398
0.835398
0.835398
0.835398
0.835398
0.835398
0.835398
0.835398
0.835398
0.835398
0.835398
0.835398
0.835398
0.835398
0.835398
0.835398
0.835398
0.835398
0.835398
0.835398
0.835398
0.835398
0.835398
0.835398
0.835398
0.835398
0.835398
0.835398
0.835398
0.835398
0.835398
0.835398
0.835398
0.835398
0.835398
0.835398
0.835398
0.835398
0.835398
0.835398
0.835398
0.835398
0.835398
0.835398
0.835398
0.835398
0.835398
0.835398
0.835398
0.835398
0.835398
0.835398
0.835398
0.835398
0.835398
0.835398
0.835398
0.835398
0.835398
0.835398
0.835398
0.835398
0.835398
0.835398
0.835398
0.835398
0.835398
0.835398
0.835398
0.835398
0.835398
0.835398
0.835398
0.835398
0.835398
0.835398
0.835398
0.835398
0.835398
0.835398
0.835398
0.835398
0.835398
0.835398
0.835398
0.835398
0.835398
0.835398
0.835398
0.835398
0.835398
0.835398
0.835398
0.835398
0.835398
0.835398
0.835398
0.835398
0.835398
0.835398
0.835398
0.835398
0.835398
0.835398
0.835398
0.835398
0.835398
0.835398
0.835398
0.835398
0.835398
0.835398
0.835398
0.835398
0.835398
0.835398
0.835398
0.835398
0.835398
0.835398
0.835398
0.835398
0.835398
0.835398
0.835398
0.835398
0.835398
0.835398
0.835398
0.835398
0.835398
0.835398
0.835398
0.835398
0.835398
0.835398
0.835398
0.835398
0.835398
0.835398
0.835398
0.835398
0.835398
0.835398
0.835398
0.835398
0.835398
0.835398
0.835398
0.835398
0.835398
0.835398
0.835398
0.835398
0.835398
0.835398
0.835398
0.835398
0.835398
0.835398
0.835398
0.835398
0.835398
0.835398
0.835398
0.835398
0.835398
0.835398
0.835398
0.835398
0.835398
0.835398
0.835398
0.835398
0.835398
0.835398
0.835398
0.835398
0.835398
0.835398
0.835398
0.835398
0.835398
0.835398
0.835398
0.835398
0.835398
0.835398
0.835398
0.835398
0.835398
0.835398
0.835398
0.835398
0.835398
0.835398
0.835398
0.835398
0.835398
0.835398
0.835398
0.835398
0.835398
0.835398
0.835398
0.835398
0.835398
0.835398
0.835398
0.835398
0.835398
0.835398
0.835398
0.835398
0.835398
0.835398
0.835398
0.835398
0.835398
0.835398
0.835398
0.835398
0.835398
0.835398
0.835398
0.835398
0.835398
0.835398
0.835398
0.835398
0.835398
0.835398
0.835398
0.835398
0.835398
0.835398
0.835398
0.835398
0.835398
0.835398
0.835398
0.835398
0.835398
0.835398
0.835398
0.835398
0.835398
0.835398
0.835398
0.835398
0.835398
0.835398
0.835398
0.835398
0.835398
0.835398
0.835398
0.835398
0.835398
0.835398
0.835398
0.835398
0.835398
0.835398
0.835398
0.835398
0.835398
0.835398
0.835398
0.835398
0.835398
0.835398
0.835398
0.835398
0.835398
0.835398
0.835398
0.835398
0.835398
0.835398
0.835398
0.835398
0.835398
0.835398
0.835398
0.835398
0.835398
0.835398
0.835398
0.835398
0.835398
0.835398
0.835398
0.835398
0.835398
0.835398
0.835398
0.835398
0.835398
0.835398
0.835398
0.835398
0.835398
0.835398
0.835398
0.835398
0.835398
0.835398
0.835398
0.835398
0.835398
0.835398
0.835398
0.835398
0.835398
0.835398
0.835398
0.835398
0.835398
0.835398
0.835398
0.835398
0.835398
0.835398
0.835398
0.835398
0.835398
0.835398
0.835398
0.835398
0.835398
0.835398
0.835398
0.835398
0.835398
0.835398
0.835398
0.835398
0.835398
0.835398
0.835398
0.835398
0.835398
0.835398
0.835398
0.835398
0.835398
0.835398
0.835398
0.835398
0.835398
0.835398
0.835398
0.835398
0.835398
0.835398
0.835398
0.835398
0.835398
0.835398
0.835398
0.835398
0.835398
0.835398
0.835398
0.835398
0.835398
0.835398
0.835398
0.835398
0.835398
0.835398
0.835398
0.835398
0.835398
0.835398
0.835398
0.835398
0.835398
0.835398
0.835398
0.835398
0.835398
0.835398
0.835398
0.835398
0.835398
0.835398
0.835398
0.835398
0.835398
0.835398
0.835398
0.835398
0.835398
0.835398
0.835398
0.835398
0.835398
0.835398
0.835398
0.835398
0.835398
0.835398
0.835398
0.835398
0.835398
0.835398
0.835398
0.835398
0.835398
0.835398
0.835398
0.835398
0.835398
0.835398
0.835398
0.835398
0.835398
0.835398
0.835398
0.835398
0.835398
0.835398
0.835398
0.835398
0.835398
0.835398
0.835398
0.835398
0.835398
0.835398
0.835398
0.835398
0.835398
0.835398
0.835398
0.835398
0.835398
0.835398
0.835398
0.835398
0.835398
0.835398
0.835398
0.835398
0.835398
0.835398
0.835398
0.835398
0.835398
0.835398
0.835398
0.835398
0.835398
0.835398
0.835398
0.835398
0.835398
0.835398
0.835398
0.835398
0.835398
0.835398
0.835398
0.835398
0.835398
0.835398
0.835398
0.835398
0.835398
0.835398
0.835398
0.835398
0.835398
0.835398
0.835398
0.835398
0.835398
0.835398
0.835398
0.835398
0.835398
0.835398
0.835398
0.835398
0.835398
0.835398
0.835398
0.835398
0.835398
0.835398
0.835398
0.835398
0.835398
0.835398
0.835398
0.835398
0.835398
0.835398
0.835398
0.835398
0.835398
0.835398
0.835398
0.835398
0.835398
0.835398
0.835398
0.835398
0.835398
0.835398
0.835398
0.835398
0.835398
0.835398
0.835398
0.835398
0.835398
0.835398
0.835398
0.835398
0.835398
0.835398
0.835398
0.835398
0.835398
0.835398
0.835398
0.835398
0.835398
0.835398
0.835398
0.835398
0.835398
0.835398
0.835398
0.835398
0.835398
0.835398
0.835398
0.835398
0.835398
0.835398
0.835398
0.835398
0.835398
0.835398
0.835398
0.835398
0.835398
0.835398
0.835398
0.835398
0.835398
0.835398
0.835398
0.835398
0.835398
0.835398
0.835398
0.835398
0.835398
0.835398
0.835398
0.835398
0.835398
0.835398
0.835398
0.835398
0.835398
0.835398
0.835398
0.835398
0.835398
0.835398
0.835398
0.835398
0.835398
0.835398
0.835398
0.835398
0.835398
0.835398
0.835398
0.835398
0.835398
0.835398
0.835398
0.835398
0.835398
0.835398
0.835398
0.835398
0.835398
0.835398
0.835398
0.835398
0.835398
0.835398
0.835398
0.835398
0.835398
0.835398
0.835398
0.835398
0.835398
0.835398
0.835398
0.835398
0.835398
0.835398
0.835398
0.835398
0.835398
0.835398
0.835398
0.835398
0.835398
0.835398
0.835398
0.835398
0.835398
0.835398
0.835398
0.835398
0.835398
0.835398
0.835398
0.835398
0.835398
0.835398
0.835398
0.835398
0.835398
0.835398
0.835398
0.835398
0.835398
0.835398
0.835398
0.835398
0.835398
0.835398
0.835398
0.835398
0.835398
0.835398
0.835398
0.835398
0.835398
0.835398
0.835398
0.835398
0.835398
0.835398
0.835398
0.835398
0.835398
0.835398
0.835398
0.835398
0.835398
0.835398
0.835398
0.835398
0.835398
0.835398
0.835398
0.835398
0.835398
0.835398
0.835398
0.835398
0.835398
0.835398
0.835398
0.835398
0.835398
0.835398
0.835398
0.835398
0.835398
0.835398
0.835398
0.835398
0.835398
0.835398
0.835398
0.835398
0.835398
0.835398
0.835398
0.835398
0.835398
0.835398
0.835398
0.835398
0.835398
0.835398
0.835398
0.835398
0.835398
0.835398
0.835398
0.835398
0.835398
0.835398
0.835398
0.835398
0.835398
0.835398
0.835398
0.835398
0.835398
0.835398
0.835398
0.835398
0.835398
0.835398
0.835398
0.835398
0.835398
0.835398
0.835398
0.835398
0.835398
0.835398
0.835398
0.835398
0.835398
0.835398
0.835398
0.835398
0.835398
0.835398
0.835398
0.835398
0.835398
0.835398
0.835398
0.835398
0.835398
0.835398
0.835398
0.835398
0.835398
0.835398
0.835398
0.835398
0.835398
0.835398
0.835398
0.835398
0.835398
0.835398
0.835398
0.835398
0.835398
0.835398
0.835398
0.835398
0.835398
0.835398
0.835398
0.835398
0.835398
0.835398
0.835398
0.835398
0.835398
0.835398
0.835398
0.835398
0.835398
0.835398
0.835398
0.835398
0.835398
0.835398
0.835398
0.835398
0.835398
0.835398
0.835398
0.835398
0.835398
0.835398
0.835398
0.835398
0.835398
0.835398
0.835398
0.835398
0.835398
0.835398
0.835398
0.835398
0.835398
0.835398
0.835398
0.835398
0.835398
0.835398
0.835398
0.835398
0.835398
0.835398
0.835398
0.835398
0.835398
0.835398
0.835398
0.835398
0.835398
0.835398
0.835398
0.835398
0.835398
0.835398
0.835398
0.835398
0.835398
0.835398
0.835398
0.835398
0.835398
0.835398
0.835398
0.835398
0.835398
0.835398
0.835398
0.835398
0.835398
0.835398
0.835398
0.835398
0.835398
0.835398
0.835398
0.835398
0.835398
0.835398
0.835398
0.835398
0.835398
0.835398
0.835398
0.835398
0.835398
0.835398
0.835398
0.835398
0.835398
0.835398
0.835398
0.835398
0.835398
0.835398
0.835398
0.835398
0.835398
0.835398
0.835398
0.835398
0.835398
0.835398
0.835398
0.835398
0.835398
0.835398
0.835398
0.835398
0.835398
0.835398
0.835398
0.835398
0.835398
0.835398
0.835398
0.835398
0.835398
0.835398
0.835398
0.835398
0.835398
0.835398
0.835398
0.835398
0.835398
0.835398
0.835398
0.835398
0.835398
0.835398
0.835398
0.835398
0.835398
0.835398
0.835398
0.835398
0.835398
0.835398
0.835398
0.835398
0.835398
0.835398
0.835398
0.835398
0.835398
0.835398
0.835398
0.835398
0.835398
0.835398
0.835398
0.835398
0.835398
0.835398
0.835398
0.835398
0.835398
0.835398
0.835398
0.835398
0.835398
0.835398
0.835398
0.835398
0.835398
0.835398
0.835398
0.835398
0.835398
0.835398
0.835398
0.835398
0.835398
0.835398
0.835398
0.835398
0.835398
0.835398
0.835398
0.835398
0.835398
0.835398
0.835398
0.835398
0.835398
0.835398
0.835398
0.835398
0.835398
0.835398
0.835398
0.835398
0.835398
0.835398
0.835398
0.835398
0.835398
0.835398
0.835398
0.835398
0.835398
0.835398
0.835398
0.835398
0.835398
0.835398
0.835398
0.835398
0.835398
0.835398
0.835398
0.835398
0.835398
0.835398
0.835398
0.835398
0.835398
0.835398
0.835398
0.835398
0.835398
0.835398
0.835398
0.835398
0.835398
0.835398
0.835398
0.835398
0.835398
0.835398
0.835398
0.835398
0.835398
0.835398
0.835398
0.835398
0.835398
0.835398
0.835398
0.835398
0.835398
0.835398
0.835398
0.835398
0.835398
0.835398
0.835398
0.835398
0.835398
0.835398
0.835398
0.835398
0.835398
0.835398
0.835398
0.835398
0.835398
0.835398
0.835398
0.835398
0.835398
0.835398
0.835398
0.835398
0.835398
0.835398
0.835398
0.835398
0.835398
0.835398
0.835398
0.835398
0.835398
0.835398
0.835398
0.835398
0.835398
0.835398
0.835398
0.835398
0.835398
0.835398
0.835398
0.835398
0.835398
0.835398
0.835398
0.835398
0.835398
0.835398
0.835398
0.835398
0.835398
0.835398
0.835398
0.835398
0.835398
0.835398
0.835398
0.835398
0.835398
0.835398
0.835398
0.835398
0.835398
0.835398
0.835398
0.835398
0.835398
0.835398
0.835398
0.835398
0.835398
0.835398
0.835398
0.835398
0.835398
0.835398
0.835398
0.835398
0.835398
0.835398
0.835398
0.835398
0.835398
0.835398
0.835398
0.835398
0.835398
0.835398
0.835398
0.835398
0.835398
0.835398
0.835398
0.835398
0.835398
0.835398
0.835398
0.835398
0.835398
0.835398
0.835398
0.835398
0.835398
0.835398
0.835398
0.835398
0.835398
0.835398
0.835398
0.835398
0.835398
0.835398
0.835398
0.835398
0.835398
0.835398
0.835398
0.835398
0.835398
0.835398
0.835398
0.835398
0.835398
0.835398
0.835398
0.835398
0.835398
0.835398
0.835398
0.835398
0.835398
0.835398
0.835398
0.835398
0.835398
0.835398
0.835398
0.835398
0.835398
0.835398
0.835398
0.835398
0.835398
0.835398
0.835398
0.835398
0.835398
0.835398
0.835398
0.835398
0.835398
0.835398
0.835398
0.835398
0.835398
0.835398
0.835398
0.835398
0.835398
0.835398
0.835398
0.835398
0.835398
0.835398
0.835398
0.835398
0.835398
0.835398
0.835398
0.835398
0.835398
0.835398
0.835398
0.835398
0.835398
0.835398
0.835398
0.835398
0.835398
0.835398
0.835398
0.835398
0.835398
0.835398
0.835398
0.835398
0.835398
0.835398
0.835398
0.835398
0.835398
0.835398
0.835398
0.835398
0.835398
0.835398
0.835398
0.835398
0.835398
0.835398
0.835398
0.835398
0.835398
0.835398
0.835398
0.835398
0.835398
0.835398
0.835398
0.835398
0.835398
0.835398
0.835398
0.835398
0.835398
0.835398
0.835398
0.835398
0.835398
0.835398
0.835398
0.835398
0.835398
0.835398
0.835398
0.835398
0.835398
0.835398
0.835398
0.835398
0.835398
0.835398
0.835398
0.835398
0.835398
0.835398
0.835398
0.835398
0.835398
0.835398
0.835398
0.835398
0.835398
0.835398
0.835398
0.835398
0.835398
0.835398
0.835398
0.835398
0.835398
0.835398
0.835398
0.835398
0.835398
0.835398
0.835398
0.835398
0.835398
0.835398
0.835398
0.835398
0.835398
0.835398
0.835398
0.835398
0.835398
0.835398
0.835398
0.835398
0.835398
0.835398
0.835398
0.835398
0.835398
0.835398
0.835398
0.835398
0.835398
0.835398
0.835398
0.835398
0.835398
0.835398
0.835398
0.835398
0.835398
0.835398
0.835398
0.835398
0.835398
0.835398
0.835398
0.835398
0.835398
0.835398
0.835398
0.835398
0.835398
0.835398
0.835398
0.835398
0.835398
0.835398
0.835398
0.835398
0.835398
0.835398
0.835398
0.835398
0.835398
0.835398
0.835398
0.835398
0.835398
0.835398
0.835398
0.835398
0.835398
0.835398
0.835398
0.835398
0.835398
0.835398
0.835398
0.835398
0.835398
0.835398
0.835398
0.835398
0.835398
0.835398
0.835398
0.835398
0.835398
0.835398
0.835398
0.835398
0.835398
0.835398
0.835398
0.835398
0.835398
0.835398
0.835398
0.835398
0.835398
0.835398
0.835398
0.835398
0.835398
0.835398
0.835398
0.835398
0.835398
0.835398
0.835398
0.835398
0.835398
0.835398
0.835398
0.835398
0.835398
0.835398
0.835398
0.835398
0.835398
0.835398
0.835398
0.835398
0.835398
0.835398
0.835398
0.835398
0.835398
0.835398
0.835398
0.835398
0.835398
0.835398
0.835398
0.835398
0.835398
0.835398
0.835398
0.835398
0.835398
0.835398
0.835398
0.835398
0.835398
0.835398
0.835398
0.835398
0.835398
0.835398
0.835398
0.835398
0.835398
0.835398
0.835398
0.835398
0.835398
0.835398
0.835398
0.835398
0.835398
0.835398
0.835398
0.835398
0.835398
0.835398
0.835398
0.835398
0.835398
0.835398
0.835398
0.835398
0.835398
0.835398
0.835398
0.835398
0.835398
0.835398
0.835398
0.835398
0.835398
0.835398
0.835398
0.835398
0.835398
0.835398
0.835398
0.835398
0.835398
0.835398
0.835398
0.835398
0.835398
0.835398
0.835398
0.835398
0.835398
0.835398
0.835398
0.835398
0.835398
0.835398
0.835398
0.835398
0.835398
0.835398
0.835398
0.835398
0.835398
0.835398
0.835398
0.835398
0.835398
0.835398
0.835398
0.835398
0.835398
0.835398
0.835398
0.835398
0.835398
0.835398
0.835398
0.835398
0.835398
0.835398
0.835398
0.835398
0.835398
0.835398
0.835398
0.835398
0.835398
0.835398
0.835398
0.835398
0.835398
0.835398
0.835398
0.835398
0.835398
0.835398
0.835398
0.835398
0.835398
0.835398
0.835398
0.835398
0.835398
0.835398
0.835398
0.835398
0.835398
0.835398
0.835398
0.835398
0.835398
0.835398
0.835398
0.835398
0.835398
0.835398
0.835398
0.835398
0.835398
0.835398
0.835398
0.835398
0.835398
0.835398
0.835398
0.835398
0.835398
0.835398
0.835398
0.835398
0.835398
0.835398
0.835398
0.835398
0.835398
0.835398
0.835398
0.835398
0.835398
0.835398
0.835398
0.835398
0.835398
0.835398
0.835398
0.835398
0.835398
0.835398
0.835398
0.835398
0.835398
0.835398
0.835398
0.835398
0.835398
0.835398
0.835398
0.835398
0.835398
0.835398
0.835398
0.835398
0.835398
0.835398
0.835398
0.835398
0.835398
0.835398
0.835398
0.835398
0.835398
0.835398
0.835398
0.835398
0.835398
0.835398
0.835398
0.835398
0.835398
0.835398
0.835398
0.835398
0.835398
0.835398
0.835398
0.835398
0.835398
0.835398
0.835398
0.835398
0.835398
0.835398
0.835398
0.835398
0.835398
0.835398
0.835398
0.835398
0.835398
0.835398
0.835398
0.835398
0.835398
0.835398
0.835398
0.835398
0.835398
0.835398
0.835398
0.835398
0.835398
0.835398
0.835398
0.835398
0.835398
0.835398
0.835398
0.835398
0.835398
0.835398
0.835398
0.835398
0.835398
0.835398
0.835398
0.835398
0.835398
0.835398
0.835398
0.835398
0.835398
0.835398
0.835398
0.835398
0.835398
0.835398
0.835398
0.835398
0.835398
0.835398
0.835398
0.835398
0.835398
0.835398
0.835398
0.835398
0.835398
0.835398
0.835398
0.835398
0.835398
0.835398
0.835398
0.835398
0.835398
0.835398
0.835398
0.835398
0.835398
0.835398
0.835398
0.835398
0.835398
0.835398
0.835398
0.835398
0.835398
0.835398
0.835398
0.835398
0.835398
0.835398
0.835398
0.835398
0.835398
0.835398
0.835398
0.835398
0.835398
0.835398
0.835398
0.835398
0.835398
0.835398
0.835398
0.835398
0.835398
0.835398
0.835398
0.835398
0.835398
0.835398
0.835398
0.835398
0.835398
0.835398
0.835398
0.835398
0.835398
0.835398
0.835398
0.835398
0.835398
0.835398
0.835398
0.835398
0.835398
0.835398
0.835398
0.835398
0.835398
0.835398
0.835398
0.835398
0.835398
0.835398
0.835398
0.835398
0.835398
0.835398
0.835398
0.835398
0.835398
0.835398
0.835398
0.835398
0.835398
0.835398
0.835398
0.835398
0.835398
0.835398
0.835398
0.835398
0.835398
0.835398
0.835398
0.835398
0.835398
0.835398
0.835398
0.835398
0.835398
0.835398
0.835398
0.835398
0.835398
0.835398
0.835398
0.835398
0.835398
0.835398
0.835398
0.835398
0.835398
0.835398
0.835398
0.835398
0.835398
0.835398
0.835398
0.835398
0.835398
0.835398
0.835398
0.835398
0.835398
0.835398
0.835398
0.835398
0.835398
0.835398
0.835398
0.835398
0.835398
0.835398
0.835398
0.835398
0.835398
0.835398
0.835398
0.835398
0.835398
0.835398
0.835398
0.835398
0.835398
0.835398
0.835398
0.835398
0.835398
0.835398
0.835398
0.835398
0.835398
0.835398
0.835398
0.835398
0.835398
0.835398
0.835398
0.835398
0.835398
0.835398
0.835398
0.835398
0.835398
0.835398
0.835398
0.835398
0.835398
0.835398
0.835398
0.835398
0.835398
0.835398
0.835398
0.835398
0.835398
0.835398
0.835398
0.835398
0.835398
0.835398
0.835398
0.835398
0.835398
0.835398
0.835398
0.835398
0.835398
0.835398
0.835398
0.835398
0.835398
0.835398
0.835398
0.835398
0.835398
0.835398
0.835398
0.835398
0.835398
0.835398
0.835398
0.835398
0.835398
0.835398
0.835398
0.835398
0.835398
0.835398
0.835398
0.835398
0.835398
0.835398
0.835398
0.835398
0.835398
0.835398
0.835398
0.835398
0.835398
0.835398
0.835398
0.835398
0.835398
0.835398
0.835398
0.835398
0.835398
0.835398
0.835398
0.835398
0.835398
0.835398
0.835398
0.835398
0.835398
0.835398
0.835398
0.835398
0.835398
0.835398
0.835398
0.835398
0.835398
0.835398
0.835398
0.835398
0.835398
0.835398
0.835398
0.835398
0.835398
0.835398
0.835398
0.835398
0.835398
0.835398
0.835398
0.835398
0.835398
0.835398
0.835398
0.835398
0.835398
0.835398
0.835398
0.835398
0.835398
0.835398
0.835398
0.835398
0.835398
0.835398
0.835398
0.835398
0.835398
0.835398
0.835398
0.835398
0.835398
0.835398
0.835398
0.835398
0.835398
0.835398
0.835398
0.835398
0.835398
0.835398
0.835398
0.835398
0.835398
0.835398
0.835398
0.835398
0.835398
0.835398
0.835398
0.835398
0.835398
0.835398
0.835398
0.835398
0.835398
0.835398
0.835398
0.835398
0.835398
0.835398
0.835398
0.835398
0.835398
0.835398
0.835398
0.835398
0.835398
0.835398
0.835398
0.835398
0.835398
0.835398
0.835398
0.835398
0.835398
0.835398
0.835398
0.835398
0.835398
0.835398
0.835398
0.835398
0.835398
0.835398
0.835398
0.835398
0.835398
0.835398
0.835398
0.835398
0.835398
0.835398
0.835398
0.835398
0.835398
0.835398
0.835398
0.835398
0.835398
0.835398
0.835398
0.835398
0.835398
0.835398
0.835398
0.835398
0.835398
0.835398
0.835398
0.835398
0.835398
0.835398
0.835398
0.835398
0.835398
0.835398
0.835398
0.835398
0.835398
0.835398
0.835398
0.835398
0.835398
0.835398
0.835398
0.835398
0.835398
0.835398
0.835398
0.835398
0.835398
0.835398
0.835398
0.835398
0.835398
0.835398
0.835398
0.835398
0.835398
0.835398
0.835398
0.835398
0.835398
0.835398
0.835398
0.835398
0.835398
0.835398
0.835398
0.835398
0.835398
0.835398
0.835398
0.835398
0.835398
0.835398
0.835398
0.835398
0.835398
0.835398
0.835398
0.835398
0.835398
0.835398
0.835398
0.835398
0.835398
0.835398
0.835398
0.835398
0.835398
0.835398
0.835398
0.835398
0.835398
0.835398
0.835398
0.835398
0.835398
0.835398
0.835398
0.835398
0.835398
0.835398
0.835398
0.835398
0.835398
0.835398
0.835398
0.835398
0.835398
0.835398
0.835398
0.835398
0.835398
0.835398
0.835398
0.835398
0.835398
0.835398
0.835398
0.835398
0.835398
0.835398
0.835398
0.835398
0.835398
0.835398
0.835398
0.835398
0.835398
0.835398
0.835398
0.835398
0.835398
0.835398
0.835398
0.835398
0.835398
0.835398
0.835398
0.835398
0.835398
0.835398
0.835398
0.835398
0.835398
0.835398
0.835398
0.835398
0.835398
0.835398
0.835398
0.835398
0.835398
0.835398
0.835398
0.835398
0.835398
0.835398
0.835398
0.835398
0.835398
0.835398
0.835398
0.835398
0.835398
0.835398
0.835398
0.835398
0.835398
0.835398
0.835398
0.835398
0.835398
0.835398
0.835398
0.835398
0.835398
0.835398
0.835398
0.835398
0.835398
0.835398
0.835398
0.835398
0.835398
0.835398
0.835398
0.835398
0.835398
0.835398
0.835398
0.835398
0.835398
0.835398
0.835398
0.835398
0.835398
0.835398
0.835398
0.835398
0.835398
0.835398
0.835398
0.835398
0.835398
0.835398
0.835398
0.835398
0.835398
0.835398
0.835398
0.835398
0.835398
0.835398
0.835398
0.835398
0.835398
0.835398
0.835398
0.835398
0.835398
0.835398
0.835398
0.835398
0.835398
0.835398
0.835398
0.835398
0.835398
0.835398
0.835398
0.835398
0.835398
0.835398
0.835398
0.835398
0.835398
0.835398
0.835398
0.835398
0.835398
