0.000000
0.000168
0.000680
0.001512
0.002644
0.004056
0.005732
0.007655
0.009811
0.012185
0.014766
0.017542
0.020504
0.023642
0.026948
0.030415
0.034036
0.037805
0.041719
0.045772
0.049962
0.054286
0.058741
0.063327
0.068043
0.072889
0.077866
0.082975
0.088218
0.093598
0.099120
0.104786
0.110603
0.116577
0.122715
0.129026
0.135520
0.142207
0.149100
0.156215
0.163568
0.171178
0.179066
0.187258
0.195779
0.204662
0.213942
0.223661
0.233869
0.244617
0.255965
0.267981
0.280750
0.294369
0.308951
0.324632
0.341584
0.360013
0.380168
0.402373
0.427045
0.454740
0.485801
0.516109
0.544469
0.571008
0.595848
0.619101
0.640873
0.661261
0.680357
0.698246
0.715009
0.730719
0.745447
0.759257
0.772209
0.784361
0.795766
0.806471
0.816524
0.825968
0.834842
0.843184
0.851030
0.858411
0.865358
0.871901
0.878064
0.883874
0.889354
0.894524
0.899407
0.904019
0.908380
0.912505
0.916411
0.920111
0.923619
0.926948
0.930109
0.933114
0.935973
0.938695
0.941290
0.943766
0.946130
0.948390
0.950553
0.952626
0.954615
0.956526
0.958363
0.960133
0.961841
0.963490
0.965086
0.966633
0.968134
0.969594
0.971018
0.972407
0.973767
0.975100
0.976410
0.977700
0.978972
0.980229
0.981473
0.982696
0.983848
0.984923
0.985927
0.986863
0.987737
0.988553
0.989314
0.990025
0.990688
0.991307
0.991885
0.992424
0.992927
0.993397
0.993835
0.994245
0.994626
0.994983
0.995316
0.995626
0.995916
0.996186
0.996439
0.996674
0.996894
0.997100
0.997291
0.997470
0.997637
0.997793
0.997938
0.998074
0.998200
0.998319
0.998429
0.998532
0.998628
0.998718
0.998801
0.998879
0.998952
0.999020
0.999084
0.999143
0.999199
0.999250
0.999298
0.999343
0.999385
0.999425
0.999461
0.999495
0.999527
0.999557
0.999585
0.999611
0.999635
0.999657
0.999678
0.999698
0.999716
0.999734
0.999749
0.999764
0.999778
0.999791
0.999803
0.999815
0.999825
0.999835
0.999844
0.999853
0.999861
0.999868
0.999875
0.999882
0.999888
0.999894
0.999899
0.999904
0.999909
0.999913
0.999917
0.999921
0.999924
0.999927
0.999930
0.999933
0.999936
0.999938
0.999941
0.999943
0.999945
0.999947
0.999949
0.999950
0.999952
0.999953
0.999955
0.999956
0.999957
0.999958
0.999959
0.999960
0.999961
0.999962
0.999962
0.999963
0.999964
0.999964
0.999965
0.999966
0.999966
0.999967
0.999967
0.999967
0.999968
0.999968
0.999968
0.999969
0.999969
0.999969
0.999970
0.999970
0.999970
0.999970
0.999970
0.999971
0.999971
0.999971
0.999971
0.999971
0.999971
0.999971
0.999972
0.999972
0.999972
0.999972
0.999972
0.999972
0.999972
0.999972
0.999972
0.999972
0.999972
0.999972
0.999972
0.999973
0.999973
0.999973
0.999973
0.999973
0.999973
0.999973
0.999973
0.999973
0.999973
0.999973
0.999973
0.999973
0.999973
0.999973
0.999973
0.999973
0.999973
0.999973
0.999973
0.999973
0.999973
0.999973
0.999973
0.999973
0.999973
0.999973
0.999973
0.999973
0.999973
0.999973
0.999973
0.999973
0.999973
0.999973
0.999973
0.999973
0.999973
0.999973
0.999973
0.999973
0.999973
0.999973
0.999973
0.999973
0.999973
0.999973
0.999973
0.999973
0.999973
0.999973
0.999973
0.999973
0.999973
0.999973
0.999973
0.999973
0.999973
0.999973
0.999973
0.999973
0.999973
0.999973
0.999973
0.999973
0.999973
0.999973
0.999973
0.999973
0.999973
0.999973
0.999973
0.999973
0.999973
0.999973
0.999973
0.999973
0.999973
0.999973
0.999973
0.999973
0.999973
0.999973
0.999973
0.999973
0.999973
0.999973
0.999973
0.999973
0.999973
0.999973
0.999973
0.999973
0.999973
0.999973
0.999973
0.999973
0.999973
0.999973
0.999973
0.999973
0.999973
0.999973
0.999973
0.999973
0.999973
0.999973
0.999973
0.999973
0.999973
0.999973
0.999973
0.999973
0.999973
0.999973
0.999973
0.999973
0.999973
0.999973
0.999973
0.999973
0.999973
0.999973
0.999973
0.999973
0.999973
0.999973
0.999973
0.999973
0.999973
0.999973
0.999973
0.999973
0.999973
0.999973
0.999973
0.999973
0.999973
0.999973
0.999973
0.999973
0.999973
0.999973
0.999973
0.999973
0.999973
0.999973
0.999973
0.999973
0.999973
0.999973
0.999973
0.999973
0.999973
0.999973
0.999973
0.999973
0.999973
0.999973
0.999973
0.999973
0.999973
0.999973
0.999973
0.999973
0.999973
0.999973
0.999973
0.999973
0.999973
0.999973
0.999973
0.999973
0.999973
0.999973
0.999973
0.999973
0.999973
0.999973
0.999973
0.999973
0.999973
0.999973
0.999973
0.999973
0.999973
0.999973
0.999973
0.999973
0.999973
0.999973
0.999973
0.999973
0.999973
0.999973
0.999973
0.999973
0.999973
0.999973
0.999973
0.999973
0.999973
0.999973
0.999973
0.999973
0.999973
0.999973
0.999973
0.999973
0.999973
0.999973
0.999973
0.999973
0.999973
0.999973
0.999973
0.999973
0.999973
0.999973
0.999973
0.999973
0.999973
0.999973
0.999973
0.999973
0.999973
0.999973
0.999973
0.999973
0.999973
0.999973
0.999973
0.999973
0.999973
0.999973
0.999973
0.999973
0.999973
0.999973
0.999973
0.999973
0.999973
0.999973
0.999973
0.999973
0.999973
0.999973
0.999973
0.999973
0.999973
0.999973
0.999973
0.999973
0.999973
0.999973
0.999973
0.999973
0.999973
0.999973
0.999973
0.999973
0.999973
0.999973
0.999973
0.999973
0.999973
0.999973
0.999973
0.999973
0.999973
0.999973
0.999973
0.999973
0.999973
0.999973
0.999973
0.999973
0.999973
0.999973
0.999973
0.999973
0.999973
0.999973
0.999973
0.999973
0.999973
0.999973
0.999973
0.999973
0.999973
0.999973
0.999973
0.999973
0.999973
0.999973
0.999973
0.999973
0.999973
0.999973
0.999973
0.999973
0.999973
0.999973
0.999973
0.999973
0.999973
0.999973
0.999973
0.999973
0.999973
0.999973
0.999973
0.999973
0.999973
0.999973
0.999973
0.999973
0.999973
0.999973
0.999973
0.999973
0.999973
0.999973
0.999973
0.999973
0.999973
0.999973
0.999973
0.999973
0.999973
0.999973
0.999973
0.999973
0.999973
0.999973
0.999973
0.999973
0.999973
0.999973
0.999973
0.999973
0.999973
0.999973
0.999973
0.999973
0.999973
0.999973
0.999973
0.999973
0.999973
0.999973
0.999973
0.999973
0.999973
0.999973
0.999973
0.999973
0.999973
0.999973
0.999973
0.999973
0.999973
0.999973
0.999973
0.999973
0.999973
0.999973
0.999973
0.999973
0.999973
0.999973
0.999973
0.999973
0.999973
0.999973
0.999973
0.999973
0.999973
0.999973
0.999973
0.999973
0.999973
0.999973
0.999973
0.999973
0.999973
0.999973
0.999973
0.999973
0.999973
0.999973
0.999973
0.999973
0.999973
0.999973
0.999973
0.999973
0.999973
0.999973
0.999973
0.999973
0.999973
0.999973
0.999973
0.999973
0.999973
0.999973
0.999973
0.999973
0.999973
0.999973
0.999973
0.999973
0.999973
0.999973
0.999973
0.999973
0.999973
0.999973
0.999973
0.999973
0.999973
0.999973
0.999973
0.999973
0.999973
0.999973
0.999973
0.999973
0.999973
0.999973
0.999973
0.999973
0.999973
0.999973
0.999973
0.999973
0.999973
0.999973
0.999973
0.999973
0.999973
0.999973
0.999973
0.999973
0.999973
0.999973
0.999973
0.999973
0.999973
0.999973
0.999973
0.999973
0.999973
0.999973
0.999973
0.999973
0.999973
0.999973
0.999973
0.999973
0.999973
0.999973
0.999973
0.999973
0.999973
0.999973
0.999973
0.999973
0.999973
0.999973
0.999973
0.999973
0.999973
0.999973
0.999973
0.999973
0.999973
0.999973
0.999973
0.999973
0.999973
0.999973
0.999973
0.999973
0.999973
0.999973
0.999973
0.999973
0.999973
0.999973
0.999973
0.999973
0.999973
0.999973
0.999973
0.999973
0.999973
0.999973
0.999973
0.999973
0.999973
0.999973
0.999973
0.999973
0.999973
0.999973
0.999973
0.999973
0.999973
0.999973
0.999973
0.999973
0.999973
0.999973
0.999973
0.999973
0.999973
0.999973
0.999973
0.999973
0.999973
0.999973
0.999973
0.999973
0.999973
0.999973
0.999973
0.999973
0.999973
0.999973
0.999973
0.999973
0.999973
0.999973
0.999973
0.999973
0.999973
0.999973
0.999973
0.999973
0.999973
0.999973
0.999973
0.999973
0.999973
0.999973
0.999973
0.999973
0.999973
0.999973
0.999973
0.999973
0.999973
0.999973
0.999973
0.999973
0.999973
0.999973
0.999973
0.999973
0.999973
0.999973
0.999973
0.999973
0.999973
0.999973
0.999973
0.999973
0.999973
0.999973
0.999973
0.999973
0.999973
0.999973
0.999973
0.999973
0.999973
0.999973
0.999973
0.999973
0.999973
0.999973
0.999973
0.999973
0.999973
0.999973
0.999973
0.999973
0.999973
0.999973
0.999973
0.999973
0.999973
0.999973
0.999973
0.999973
0.999973
0.999973
0.999973
0.999973
0.999973
0.999973
0.999973
0.999973
0.999973
0.999973
0.999973
0.999973
0.999973
0.999973
0.999973
0.999973
0.999973
0.999973
0.999973
0.999973
0.999973
0.999973
0.999973
0.999973
0.999973
0.999973
0.999973
0.999973
0.999973
0.999973
0.999973
0.999973
0.999973
0.999973
0.999973
0.999973
0.999973
0.999973
0.999973
0.999973
0.999973
0.999973
0.999973
0.999973
0.999973
0.999973
0.999973
0.999973
0.999973
0.999973
0.999973
0.999973
0.999973
0.999973
0.999973
0.999973
0.999973
0.999973
0.999973
0.999973
0.999973
0.999973
0.999973
0.999973
0.999973
0.999973
0.999973
0.999973
0.999973
0.999973
0.999973
0.999973
0.999973
0.999973
0.999973
0.999973
0.999973
0.999973
0.999973
0.999973
0.999973
0.999973
0.999973
0.999973
0.999973
0.999973
0.999973
0.999973
0.999973
0.999973
0.999973
0.999973
0.999973
0.999973
0.999973
0.999973
0.999973
0.999973
0.999973
0.999973
0.999973
0.999973
0.999973
0.999973
0.999973
0.999973
0.999973
0.999973
0.999973
0.999973
0.999973
0.999973
0.999973
0.999973
0.999973
0.999973
0.999973
0.999973
0.999973
0.999973
0.999973
0.999973
0.999973
0.999973
0.999973
0.999973
0.999973
0.999973
0.999973
0.999973
0.999973
0.999973
0.999973
0.999973
0.999973
0.999973
0.999973
0.999973
0.999973
0.999973
0.999973
0.999973
0.999973
0.999973
0.999973
0.999973
0.999973
0.999973
0.999973
0.999973
0.999973
0.999973
0.999973
0.999973
0.999973
0.999973
0.999973
0.999973
0.999973
0.999973
0.999973
0.999973
0.999973
0.999973
0.999973
0.999973
0.999973
0.999973
0.999973
0.999973
0.999973
0.999973
0.999973
0.999973
0.999973
0.999973
0.999973
0.999973
0.999973
0.999973
0.999973
0.999973
0.999973
0.999973
0.999973
0.999973
0.999973
0.999973
0.999973
0.999973
0.999973
0.999973
0.999973
0.999973
0.999973
0.999973
0.999973
0.999973
0.999973
0.999973
0.999973
0.999973
0.999973
0.999973
0.999973
0.999973
0.999973
0.999973
0.999973
0.999973
0.999973
0.999973
0.999973
0.999973
0.999973
0.999973
0.999973
0.999973
0.999973
0.999973
0.999973
0.999973
0.999973
0.999973
0.999973
0.999973
0.999973
0.999973
0.999973
0.999973
0.999973
0.999973
0.999973
0.999973
0.999973
0.999973
0.999973
0.999973
0.999973
0.999973
0.999973
0.999973
0.999973
0.999973
0.999973
0.999973
0.999973
0.999973
0.999973
0.999973
0.999973
0.999973
0.999973
0.999973
0.999973
0.999973
0.999973
0.999973
0.999973
0.999973
0.999973
0.999973
0.999973
0.999973
0.999973
0.999973
0.999973
0.999973
0.999973
0.999973
0.999973
0.999973
0.999973
0.999973
0.999973
0.999973
0.999973
0.999973
0.999973
0.999973
0.999973
0.999973
0.999973
0.999973
0.999973
0.999973
0.999973
0.999973
0.999973
0.999973
0.999973
0.999973
0.999973
0.999973
0.999973
0.999973
0.999973
0.999973
0.999973
0.999973
0.999973
0.999973
0.999973
0.999973
0.999973
0.999973
0.999973
0.999973
0.999973
0.999973
0.999973
0.999973
0.999973
0.999973
0.999973
0.999973
0.999973
0.999973
0.999973
0.999973
0.999973
0.999973
0.999973
0.999973
0.999973
0.999973
0.999973
0.999973
0.999973
0.999973
0.999973
0.999973
0.999973
0.999973
0.999973
0.999973
0.999973
0.999973
0.999973
0.999973
0.999973
0.999973
0.999973
0.999973
0.999973
0.999973
0.999973
0.999973
0.999973
0.999973
0.999973
0.999973
0.999973
0.999973
0.999973
0.999973
0.999973
0.999973
0.999973
0.999973
0.999973
0.999973
0.999973
0.999973
0.999973
0.999973
0.999973
0.999973
0.999973
0.999973
0.999973
0.999973
0.999973
0.999973
0.999973
0.999973
0.999973
0.999973
0.999973
0.999973
0.999973
0.999973
0.999973
0.999973
0.999973
0.999973
0.999973
0.999973
0.999973
0.999973
0.999973
0.999973
0.999973
0.999973
0.999973
0.999973
0.999973
0.999973
0.999973
0.999973
0.999973
0.999973
0.999973
0.999973
0.999973
0.999973
0.999973
0.999973
0.999973
0.999973
0.999973
0.999973
0.999973
0.999973
0.999973
0.999973
0.999973
0.999973
0.999973
0.999973
0.999973
0.999973
0.999973
0.999973
0.999973
0.999973
0.999973
0.999973
0.999973
0.999973
0.999973
0.999973
0.999973
0.999973
0.999973
0.999973
0.999973
0.999973
0.999973
0.999973
0.999973
0.999973
0.999973
0.999973
0.999973
0.999973
0.999973
0.999973
0.999973
0.999973
0.999973
0.999973
0.999973
0.999973
0.999973
0.999973
0.999973
0.999973
0.999973
0.999973
0.999973
0.999973
0.999973
0.999973
0.999973
0.999973
0.999973
0.999973
0.999973
0.999973
0.999973
0.999973
0.999973
0.999973
0.999973
0.999973
0.999973
0.999973
0.999973
0.999973
0.999973
0.999973
0.999973
0.999973
0.999973
0.999973
0.999973
0.999973
0.999973
0.999973
0.999973
0.999973
0.999973
0.999973
0.999973
0.999973
0.999973
0.999973
0.999973
0.999973
0.999973
0.999973
0.999973
0.999973
0.999973
0.999973
0.999973
0.999973
0.999973
0.999973
0.999973
0.999973
0.999973
0.999973
0.999973
0.999973
0.999973
0.999973
0.999973
0.999973
0.999973
0.999973
0.999973
0.999973
0.999973
0.999973
0.999973
0.999973
0.999973
0.999973
0.999973
0.999973
0.999973
0.999973
0.999973
0.999973
0.999973
0.999973
0.999973
0.999973
0.999973
0.999973
0.999973
0.999973
0.999973
0.999973
0.999973
0.999973
0.999973
0.999973
0.999973
0.999973
0.999973
0.999973
0.999973
0.999973
0.999973
0.999973
0.999973
0.999973
0.999973
0.999973
0.999973
0.999973
0.999973
0.999973
0.999973
0.999973
0.999973
0.999973
0.999973
0.999973
0.999973
0.999973
0.999973
0.999973
0.999973
0.999973
0.999973
0.999973
0.999973
0.999973
0.999973
0.999973
0.999973
0.999973
0.999973
0.999973
0.999973
0.999973
0.999973
0.999973
0.999973
0.999973
0.999973
0.999973
0.999973
0.999973
0.999973
0.999973
0.999973
0.999973
0.999973
0.999973
0.999973
0.999973
0.999973
0.999973
0.999973
0.999973
0.999973
0.999973
0.999973
0.999973
0.999973
0.999973
0.999973
0.999973
0.999973
0.999973
0.999973
0.999973
0.999973
0.999973
0.999973
0.999973
0.999973
0.999973
0.999973
0.999973
0.999973
0.999973
0.999973
0.999973
0.999973
0.999973
0.999973
0.999973
0.999973
0.999973
0.999973
0.999973
0.999973
0.999973
0.999973
0.999973
0.999973
0.999973
0.999973
0.999973
0.999973
0.999973
0.999973
0.999973
0.999973
0.999973
0.999973
0.999973
0.999973
0.999973
0.999973
0.999973
0.999973
0.999973
0.999973
0.999973
0.999973
0.999973
0.999973
0.999973
0.999973
0.999973
0.999973
0.999973
0.999973
0.999973
0.999973
0.999973
0.999973
0.999973
0.999973
0.999973
0.999973
0.999973
0.999973
0.999973
0.999973
0.999973
0.999973
0.999973
0.999973
0.999973
0.999973
0.999973
0.999973
0.999973
0.999973
0.999973
0.999973
0.999973
0.999973
0.999973
0.999973
0.999973
0.999973
0.999973
0.999973
0.999973
0.999973
0.999973
0.999973
0.999973
0.999973
0.999973
0.999973
0.999973
0.999973
0.999973
0.999973
0.999973
0.999973
0.999973
0.999973
0.999973
0.999973
0.999973
0.999973
0.999973
0.999973
0.999973
0.999973
0.999973
0.999973
0.999973
0.999973
0.999973
0.999973
0.999973
0.999973
0.999973
0.999973
0.999973
0.999973
0.999973
0.999973
0.999973
0.999973
0.999973
0.999973
0.999973
0.999973
0.999973
0.999973
0.999973
0.999973
0.999973
0.999973
0.999973
0.999973
0.999973
0.999973
0.999973
0.999973
0.999973
0.999973
0.999973
0.999973
0.999973
0.999973
0.999973
0.999973
0.999973
0.999973
0.999973
0.999973
0.999973
0.999973
0.999973
0.999973
0.999973
0.999973
0.999973
0.999973
0.999973
0.999973
0.999973
0.999973
0.999973
0.999973
0.999973
0.999973
0.999973
0.999973
0.999973
0.999973
0.999973
0.999973
0.999973
0.999973
0.999973
0.999973
0.999973
0.999973
0.999973
0.999973
0.999973
0.999973
0.999973
0.999973
0.999973
0.999973
0.999973
0.999973
0.999973
0.999973
0.999973
0.999973
0.999973
0.999973
0.999973
0.999973
0.999973
0.999973
0.999973
0.999973
0.999973
0.999973
0.999973
0.999973
0.999973
0.999973
0.999973
0.999973
0.999973
0.999973
0.999973
0.999973
0.999973
0.999973
0.999973
0.999973
0.999973
0.999973
0.999973
0.999973
0.999973
0.999973
0.999973
0.999973
0.999973
0.999973
0.999973
0.999973
0.999973
0.999973
0.999973
0.999973
0.999973
0.999973
0.999973
0.999973
0.999973
0.999973
0.999973
0.999973
0.999973
0.999973
0.999973
0.999973
0.999973
0.999973
0.999973
0.999973
0.999973
0.999973
0.999973
0.999973
0.999973
0.999973
0.999973
0.999973
0.999973
0.999973
0.999973
0.999973
0.999973
0.999973
0.999973
0.999973
0.999973
0.999973
0.999973
0.999973
0.999973
0.999973
0.999973
0.999973
0.999973
0.999973
0.999973
0.999973
0.999973
0.999973
0.999973
0.999973
0.999973
0.999973
0.999973
0.999973
0.999973
0.999973
0.999973
0.999973
0.999973
0.999973
0.999973
0.999973
0.999973
0.999973
0.999973
0.999973
0.999973
0.999973
0.999973
0.999973
0.999973
0.999973
0.999973
0.999973
0.999973
0.999973
0.999973
0.999973
0.999973
0.999973
0.999973
0.999973
0.999973
0.999973
0.999973
0.999973
0.999973
0.999973
0.999973
0.999973
0.999973
0.999973
0.999973
0.999973
0.999973
0.999973
0.999973
0.999973
0.999973
0.999973
0.999973
0.999973
0.999973
0.999973
0.999973
0.999973
0.999973
0.999973
0.999973
0.999973
0.999973
0.999973
0.999973
0.999973
0.999973
0.999973
0.999973
0.999973
0.999973
0.999973
0.999973
0.999973
0.999973
0.999973
0.999973
0.999973
0.999973
0.999973
0.999973
0.999973
0.999973
0.999973
0.999973
0.999973
0.999973
0.999973
0.999973
0.999973
0.999973
0.999973
0.999973
0.999973
0.999973
0.999973
0.999973
0.999973
0.999973
0.999973
0.999973
0.999973
0.999973
0.999973
0.999973
0.999973
0.999973
0.999973
0.999973
0.999973
0.999973
0.999973
0.999973
0.999973
0.999973
0.999973
0.999973
0.999973
0.999973
0.999973
0.999973
0.999973
0.999973
0.999973
0.999973
0.999973
0.999973
0.999973
0.999973
0.999973
0.999973
0.999973
0.999973
0.999973
0.999973
0.999973
0.999973
0.999973
0.999973
0.999973
0.999973
0.999973
0.999973
0.999973
0.999973
0.999973
0.999973
0.999973
0.999973
0.999973
0.999973
0.999973
0.999973
0.999973
0.999973
0.999973
0.999973
0.999973
0.999973
0.999973
0.999973
0.999973
0.999973
0.999973
0.999973
0.999973
0.999973
0.999973
0.999973
0.999973
0.999973
0.999973
0.999973
0.999973
0.999973
0.999973
0.999973
0.999973
0.999973
0.999973
0.999973
0.999973
0.999973
0.999973
0.999973
0.999973
0.999973
0.999973
0.999973
0.999973
0.999973
0.999973
0.999973
0.999973
0.999973
0.999973
0.999973
0.999973
0.999973
0.999973
0.999973
0.999973
0.999973
0.999973
0.999973
0.999973
0.999973
0.999973
0.999973
0.999973
0.999973
0.999973
0.999973
0.999973
0.999973
0.999973
0.999973
0.999973
0.999973
0.999973
0.999973
0.999973
0.999973
0.999973
0.999973
0.999973
0.999973
0.999973
0.999973
0.999973
0.999973
0.999973
0.999973
0.999973
0.999973
0.999973
0.999973
0.999973
0.999973
0.999973
0.999973
0.999973
0.999973
0.999973
0.999973
0.999973
0.999973
0.999973
0.999973
0.999973
0.999973
0.999973
0.999973
0.999973
0.999973
0.999973
0.999973
0.999973
0.999973
0.999973
0.999973
0.999973
0.999973
0.999973
0.999973
0.999973
0.999973
0.999973
0.999973
0.999973
0.999973
0.999973
0.999973
0.999973
0.999973
0.999973
0.999973
0.999973
0.999973
0.999973
0.999973
0.999973
0.999973
0.999973
0.999973
0.999973
0.999973
0.999973
0.999973
0.999973
0.999973
0.999973
0.999973
0.999973
0.999973
0.999973
0.999973
0.999973
0.999973
0.999973
0.999973
0.999973
0.999973
0.999973
0.999973
0.999973
0.999973
0.999973
0.999973
0.999973
0.999973
0.999973
0.999973
0.999973
0.999973
0.999973
0.999973
0.999973
0.999973
0.999973
0.999973
0.999973
0.999973
0.999973
0.999973
0.999973
0.999973
0.999973
0.999973
0.999973
0.999973
0.999973
0.999973
0.999973
0.999973
0.999973
0.999973
0.999973
0.999973
0.999973
0.999973
0.999973
0.999973
0.999973
0.999973
0.999973
0.999973
0.999973
0.999973
0.999973
0.999973
0.999973
0.999973
0.999973
0.999973
0.999973
0.999973
0.999973
0.999973
0.999973
0.999973
0.999973
0.999973
0.999973
0.999973
0.999973
0.999973
0.999973
0.999973
0.999973
0.999973
0.999973
0.999973
0.999973
0.999973
0.999973
0.999973
0.999973
0.999973
0.999973
0.999973
0.999973
0.999973
0.999973
0.999973
0.999973
0.999973
0.999973
0.999973
0.999973
0.999973
0.999973
0.999973
0.999973
0.999973
0.999973
0.999973
0.999973
0.999973
0.999973
0.999973
0.999973
0.999973
0.999973
0.999973
0.999973
0.999973
0.999973
0.999973
0.999973
0.999973
0.999973
0.999973
0.999973
0.999973
0.999973
0.999973
0.999973
0.999973
0.999973
0.999973
0.999973
0.999973
0.999973
0.999973
0.999973
0.999973
0.999973
0.999973
0.999973
0.999973
0.999973
0.999973
0.999973
0.999973
0.999973
0.999973
0.999973
0.999973
0.999973
0.999973
0.999973
0.999973
0.999973
0.999973
0.999973
0.999973
0.999973
0.999973
0.999973
0.999973
0.999973
0.999973
0.999973
0.999973
0.999973
0.999973
0.999973
0.999973
0.999973
0.999973
0.999973
0.999973
0.999973
0.999973
0.999973
0.999973
0.999973
0.999973
0.999973
0.999973
0.999973
0.999973
0.999973
0.999973
0.999973
0.999973
0.999973
0.999973
0.999973
0.999973
0.999973
0.999973
0.999973
0.999973
0.999973
0.999973
0.999973
0.999973
0.999973
0.999973
0.999973
0.999973
0.999973
0.999973
0.999973
0.999973
0.999973
0.999973
0.999973
0.999973
0.999973
0.999973
0.999973
0.999973
0.999973
0.999973
0.999973
0.999973
0.999973
0.999973
0.999973
0.999973
0.999973
0.999973
0.999973
0.999973
0.999973
0.999973
0.999973
0.999973
0.999973
0.999973
0.999973
0.999973
0.999973
0.999973
0.999973
0.999973
0.999973
0.999973
0.999973
0.999973
0.999973
0.999973
0.999973
0.999973
0.999973
0.999973
0.999973
0.999973
0.999973
0.999973
0.999973
0.999973
0.999973
0.999973
0.999973
0.999973
0.999973
0.999973
0.999973
0.999973
0.999973
0.999973
0.999973
0.999973
0.999973
0.999973
0.999973
0.999973
0.999973
0.999973
0.999973
0.999973
0.999973
0.999973
0.999973
0.999973
0.999973
0.999973
0.999973
0.999973
0.999973
0.999973
0.999973
0.999973
0.999973
0.999973
0.999973
0.999973
0.999973
0.999973
0.999973
0.999973
0.999973
0.999973
0.999973
0.999973
0.999973
0.999973
0.999973
0.999973
0.999973
0.999973
0.999973
0.999973
0.999973
0.999973
0.999973
0.999973
0.999973
0.999973
0.999973
0.999973
0.999973
0.999973
0.999973
0.999973
0.999973
0.999973
0.999973
0.999973
0.999973
0.999973
0.999973
0.999973
0.999973
0.999973
0.999973
0.999973
0.999973
0.999973
0.999973
0.999973
0.999973
0.999973
0.999973
0.999973
0.999973
0.999973
0.999973
0.999973
0.999973
0.999973
0.999973
0.999973
0.999973
0.999973
0.999973
0.999973
0.999973
0.999973
0.999973
0.999973
0.999973
0.999973
0.999973
0.999973
0.999973
0.999973
0.999973
0.999973
0.999973
0.999973
0.999973
0.999973
0.999973
0.999973
0.999973
0.999973
0.999973
0.999973
0.999973
0.999973
0.999973
0.999973
0.999973
0.999973
0.999973
0.999973
0.999973
0.999973
0.999973
0.999973
0.999973
0.999973
0.999973
0.999973
0.999973
0.999973
0.999973
0.999973
0.999973
0.999973
0.999973
0.999973
0.999973
0.999973
0.999973
0.999973
0.999973
0.999973
0.999973
0.999973
0.999973
0.999973
0.999973
0.999973
0.999973
0.999973
0.999973
0.999973
0.999973
0.999973
0.999973
0.999973
0.999973
0.999973
0.999973
0.999973
0.999973
0.999973
0.999973
0.999973
0.999973
0.999973
0.999973
0.999973
0.999973
0.999973
0.999973
0.999973
