0.000000
0.000084
0.000337
0.000745
0.001294
0.001971
0.002764
0.003663
0.004659
0.005741
0.006901
0.008131
0.009425
0.010775
0.012175
0.013620
0.015104
0.016623
0.018173
0.019748
0.021345
0.022962
0.024594
0.026239
0.027894
0.029557
0.031225
0.032897
0.034571
0.036244
0.037915
0.039583
0.041246
0.042903
0.044554
0.046196
0.047830
0.049454
0.051068
0.052672
0.054263
0.055843
0.057411
0.058966
0.060508
0.062037
0.063553
0.065055
0.066543
0.068018
0.069478
0.070924
0.072356
0.073774
0.075177
0.076566
0.077941
0.079301
0.080647
0.081979
0.083296
0.084600
0.085890
0.087166
0.088428
0.089677
0.090912
0.092135
0.093344
0.094541
0.095725
0.096897
0.098056
0.099203
0.100339
0.101463
0.102575
0.103676
0.104766
0.105845
0.106914
0.107971
0.109019
0.110056
0.111084
0.112101
0.113110
0.114109
0.115098
0.116080
0.117052
0.118017
0.118973
0.119921
0.120862
0.121795
0.122722
0.123641
0.124554
0.125461
0.126362
0.127257
0.128146
0.129030
0.129909
0.130784
0.131654
0.132519
0.133381
0.134239
0.135093
0.135945
0.136795
0.137643
0.138490
0.139336
0.140183
0.141030
0.141878
0.142729
0.143583
0.144442
0.145306
0.146177
0.147055
0.147942
0.148838
0.149745
0.150661
0.151579
0.152445
0.153254
0.154009
0.154713
0.155371
0.155984
0.156557
0.157092
0.157590
0.158056
0.158491
0.158896
0.159275
0.159628
0.159958
0.160266
0.160553
0.160822
0.161072
0.161305
0.161523
0.161727
0.161917
0.162094
0.162259
0.162414
0.162558
0.162692
0.162818
0.162935
0.163045
0.163147
0.163242
0.163331
0.163414
0.163491
0.163564
0.163631
0.163694
0.163753
0.163808
0.163859
0.163907
0.163951
0.163993
0.164032
0.164068
0.164102
0.164133
0.164163
0.164190
0.164216
0.164240
0.164262
0.164283
0.164303
0.164321
0.164338
0.164354
0.164369
0.164382
0.164395
0.164407
0.164418
0.164429
0.164439
0.164448
0.164456
0.164464
0.164472
0.164479
0.164485
0.164491
0.164497
0.164502
0.164507
0.164512
0.164516
0.164520
0.164524
0.164527
0.164530
0.164533
0.164536
0.164539
0.164541
0.164543
0.164546
0.164548
0.164549
0.164551
0.164553
0.164554
0.164556
0.164557
0.164558
0.164559
0.164561
0.164562
0.164562
0.164563
0.164564
0.164565
0.164566
0.164566
0.164567
0.164568
0.164568
0.164569
0.164569
0.164569
0.164570
0.164570
0.164571
0.164571
0.164571
0.164572
0.164572
0.164572
0.164572
0.164573
0.164573
0.164573
0.164573
0.164573
0.164573
0.164574
0.164574
0.164574
0.164574
0.164574
0.164574
0.164574
0.164574
0.164574
0.164574
0.164575
0.164575
0.164575
0.164575
0.164575
0.164575
0.164575
0.164575
0.164575
0.164575
0.164575
0.164575
0.164575
0.164575
0.164575
0.164575
0.164575
0.164575
0.164575
0.164575
0.164575
0.164575
0.164575
0.164575
0.164575
0.164575
0.164575
0.164575
0.164575
0.164575
0.164575
0.164575
0.164575
0.164575
0.164575
0.164575
0.164575
0.164575
0.164575
0.164575
0.164575
0.164575
0.164575
0.164575
0.164575
0.164575
0.164575
0.164575
0.164575
0.164575
0.164575
0.164575
0.164575
0.164575
0.164575
0.164575
0.164575
0.164575
0.164575
0.164575
0.164575
0.164575
0.164575
0.164575
0.164575
0.164575
0.164575
0.164575
0.164575
0.164575
0.164575
0.164575
0.164575
0.164575
0.164575
0.164575
0.164575
0.164575
0.164575
0.164575
0.164575
0.164575
0.164575
0.164575
0.164575
0.164575
0.164575
0.164575
0.164575
0.164575
0.164575
0.164575
0.164575
0.164575
0.164575
0.164575
0.164575
0.164575
0.164575
0.164575
0.164575
0.164575
0.164575
0.164575
0.164575
0.164575
0.164575
0.164575
0.164575
0.164575
0.164575
0.164575
0.164575
0.164575
0.164575
0.164575
0.164575
0.164575
0.164575
0.164575
0.164575
0.164575
0.164575
0.164575
0.164575
0.164575
0.164575
0.164575
0.164575
0.164575
0.164575
0.164575
0.164575
0.164575
0.164575
0.164575
0.164575
0.164575
0.164575
0.164575
0.164575
0.164575
0.164575
0.164575
0.164575
0.164575
0.164575
0.164575
0.164575
0.164575
0.164575
0.164575
0.164575
0.164575
0.164575
0.164575
0.164575
0.164575
0.164575
0.164575
0.164575
0.164575
0.164575
0.164575
0.164575
0.164575
0.164575
0.164575
0.164575
0.164575
0.164575
0.164575
0.164575
0.164575
0.164575
0.164575
0.164575
0.164575
0.164575
0.164575
0.164575
0.164575
0.164575
0.164575
0.164575
0.164575
0.164575
0.164575
0.164575
0.164575
0.164575
0.164575
0.164575
0.164575
0.164575
0.164575
0.164575
0.164575
0.164575
0.164575
0.164575
0.164575
0.164575
0.164575
0.164575
0.164575
0.164575
0.164575
0.164575
0.164575
0.164575
0.164575
0.164575
0.164575
0.164575
0.164575
0.164575
0.164575
0.164575
0.164575
0.164575
0.164575
0.164575
0.164575
0.164575
0.164575
0.164575
0.164575
0.164575
0.164575
0.164575
0.164575
0.164575
0.164575
0.164575
0.164575
0.164575
0.164575
0.164575
0.164575
0.164575
0.164575
0.164575
0.164575
0.164575
0.164575
0.164575
0.164575
0.164575
0.164575
0.164575
0.164575
0.164575
0.164575
0.164575
0.164575
0.164575
0.164575
0.164575
0.164575
0.164575
0.164575
0.164575
0.164575
0.164575
0.164575
0.164575
0.164575
0.164575
0.164575
0.164575
0.164575
0.164575
0.164575
0.164575
0.164575
0.164575
0.164575
0.164575
0.164575
0.164575
0.164575
0.164575
0.164575
0.164575
0.164575
0.164575
0.164575
0.164575
0.164575
0.164575
0.164575
0.164575
0.164575
0.164575
0.164575
0.164575
0.164575
0.164575
0.164575
0.164575
0.164575
0.164575
0.164575
0.164575
0.164575
0.164575
0.164575
0.164575
0.164575
0.164575
0.164575
0.164575
0.164575
0.164575
0.164575
0.164575
0.164575
0.164575
0.164575
0.164575
0.164575
0.164575
0.164575
0.164575
0.164575
0.164575
0.164575
0.164575
0.164575
0.164575
0.164575
0.164575
0.164575
0.164575
0.164575
0.164575
0.164575
0.164575
0.164575
0.164575
0.164575
0.164575
0.164575
0.164575
0.164575
0.164575
0.164575
0.164575
0.164575
0.164575
0.164575
0.164575
0.164575
0.164575
0.164575
0.164575
0.164575
0.164575
0.164575
0.164575
0.164575
0.164575
0.164575
0.164575
0.164575
0.164575
0.164575
0.164575
0.164575
0.164575
0.164575
0.164575
0.164575
0.164575
0.164575
0.164575
0.164575
0.164575
0.164575
0.164575
0.164575
0.164575
0.164575
0.164575
0.164575
0.164575
0.164575
0.164575
0.164575
0.164575
0.164575
0.164575
0.164575
0.164575
0.164575
0.164575
0.164575
0.164575
0.164575
0.164575
0.164575
0.164575
0.164575
0.164575
0.164575
0.164575
0.164575
0.164575
0.164575
0.164575
0.164575
0.164575
0.164575
0.164575
0.164575
0.164575
0.164575
0.164575
0.164575
0.164575
0.164575
0.164575
0.164575
0.164575
0.164575
0.164575
0.164575
0.164575
0.164575
0.164575
0.164575
0.164575
0.164575
0.164575
0.164575
0.164575
0.164575
0.164575
0.164575
0.164575
0.164575
0.164575
0.164575
0.164575
0.164575
0.164575
0.164575
0.164575
0.164575
0.164575
0.164575
0.164575
0.164575
0.164575
0.164575
0.164575
0.164575
0.164575
0.164575
0.164575
0.164575
0.164575
0.164575
0.164575
0.164575
0.164575
0.164575
0.164575
0.164575
0.164575
0.164575
0.164575
0.164575
0.164575
0.164575
0.164575
0.164575
0.164575
0.164575
0.164575
0.164575
0.164575
0.164575
0.164575
0.164575
0.164575
0.164575
0.164575
0.164575
0.164575
0.164575
0.164575
0.164575
0.164575
0.164575
0.164575
0.164575
0.164575
0.164575
0.164575
0.164575
0.164575
0.164575
0.164575
0.164575
0.164575
0.164575
0.164575
0.164575
0.164575
0.164575
0.164575
0.164575
0.164575
0.164575
0.164575
0.164575
0.164575
0.164575
0.164575
0.164575
0.164575
0.164575
0.164575
0.164575
0.164575
0.164575
0.164575
0.164575
0.164575
0.164575
0.164575
0.164575
0.164575
0.164575
0.164575
0.164575
0.164575
0.164575
0.164575
0.164575
0.164575
0.164575
0.164575
0.164575
0.164575
0.164575
0.164575
0.164575
0.164575
0.164575
0.164575
0.164575
0.164575
0.164575
0.164575
0.164575
0.164575
0.164575
0.164575
0.164575
0.164575
0.164575
0.164575
0.164575
0.164575
0.164575
0.164575
0.164575
0.164575
0.164575
0.164575
0.164575
0.164575
0.164575
0.164575
0.164575
0.164575
0.164575
0.164575
0.164575
0.164575
0.164575
0.164575
0.164575
0.164575
0.164575
0.164575
0.164575
0.164575
0.164575
0.164575
0.164575
0.164575
0.164575
0.164575
0.164575
0.164575
0.164575
0.164575
0.164575
0.164575
0.164575
0.164575
0.164575
0.164575
0.164575
0.164575
0.164575
0.164575
0.164575
0.164575
0.164575
0.164575
0.164575
0.164575
0.164575
0.164575
0.164575
0.164575
0.164575
0.164575
0.164575
0.164575
0.164575
0.164575
0.164575
0.164575
0.164575
0.164575
0.164575
0.164575
0.164575
0.164575
0.164575
0.164575
0.164575
0.164575
0.164575
0.164575
0.164575
0.164575
0.164575
0.164575
0.164575
0.164575
0.164575
0.164575
0.164575
0.164575
0.164575
0.164575
0.164575
0.164575
0.164575
0.164575
0.164575
0.164575
0.164575
0.164575
0.164575
0.164575
0.164575
0.164575
0.164575
0.164575
0.164575
0.164575
0.164575
0.164575
0.164575
0.164575
0.164575
0.164575
0.164575
0.164575
0.164575
0.164575
0.164575
0.164575
0.164575
0.164575
0.164575
0.164575
0.164575
0.164575
0.164575
0.164575
0.164575
0.164575
0.164575
0.164575
0.164575
0.164575
0.164575
0.164575
0.164575
0.164575
0.164575
0.164575
0.164575
0.164575
0.164575
0.164575
0.164575
0.164575
0.164575
0.164575
0.164575
0.164575
0.164575
0.164575
0.164575
0.164575
0.164575
0.164575
0.164575
0.164575
0.164575
0.164575
0.164575
0.164575
0.164575
0.164575
0.164575
0.164575
0.164575
0.164575
0.164575
0.164575
0.164575
0.164575
0.164575
0.164575
0.164575
0.164575
0.164575
0.164575
0.164575
0.164575
0.164575
0.164575
0.164575
0.164575
0.164575
0.164575
0.164575
0.164575
0.164575
0.164575
0.164575
0.164575
0.164575
0.164575
0.164575
0.164575
0.164575
0.164575
0.164575
0.164575
0.164575
0.164575
0.164575
0.164575
0.164575
0.164575
0.164575
0.164575
0.164575
0.164575
0.164575
0.164575
0.164575
0.164575
0.164575
0.164575
0.164575
0.164575
0.164575
0.164575
0.164575
0.164575
0.164575
0.164575
0.164575
0.164575
0.164575
0.164575
0.164575
0.164575
0.164575
0.164575
0.164575
0.164575
0.164575
0.164575
0.164575
0.164575
0.164575
0.164575
0.164575
0.164575
0.164575
0.164575
0.164575
0.164575
0.164575
0.164575
0.164575
0.164575
0.164575
0.164575
0.164575
0.164575
0.164575
0.164575
0.164575
0.164575
0.164575
0.164575
0.164575
0.164575
0.164575
0.164575
0.164575
0.164575
0.164575
0.164575
0.164575
0.164575
0.164575
0.164575
0.164575
0.164575
0.164575
0.164575
0.164575
0.164575
0.164575
0.164575
0.164575
0.164575
0.164575
0.164575
0.164575
0.164575
0.164575
0.164575
0.164575
0.164575
0.164575
0.164575
0.164575
0.164575
0.164575
0.164575
0.164575
0.164575
0.164575
0.164575
0.164575
0.164575
0.164575
0.164575
0.164575
0.164575
0.164575
0.164575
0.164575
0.164575
0.164575
0.164575
0.164575
0.164575
0.164575
0.164575
0.164575
0.164575
0.164575
0.164575
0.164575
0.164575
0.164575
0.164575
0.164575
0.164575
0.164575
0.164575
0.164575
0.164575
0.164575
0.164575
0.164575
0.164575
0.164575
0.164575
0.164575
0.164575
0.164575
0.164575
0.164575
0.164575
0.164575
0.164575
0.164575
0.164575
0.164575
0.164575
0.164575
0.164575
0.164575
0.164575
0.164575
0.164575
0.164575
0.164575
0.164575
0.164575
0.164575
0.164575
0.164575
0.164575
0.164575
0.164575
0.164575
0.164575
0.164575
0.164575
0.164575
0.164575
0.164575
0.164575
0.164575
0.164575
0.164575
0.164575
0.164575
0.164575
0.164575
0.164575
0.164575
0.164575
0.164575
0.164575
0.164575
0.164575
0.164575
0.164575
0.164575
0.164575
0.164575
0.164575
0.164575
0.164575
0.164575
0.164575
0.164575
0.164575
0.164575
0.164575
0.164575
0.164575
0.164575
0.164575
0.164575
0.164575
0.164575
0.164575
0.164575
0.164575
0.164575
0.164575
0.164575
0.164575
0.164575
0.164575
0.164575
0.164575
0.164575
0.164575
0.164575
0.164575
0.164575
0.164575
0.164575
0.164575
0.164575
0.164575
0.164575
0.164575
0.164575
0.164575
0.164575
0.164575
0.164575
0.164575
0.164575
0.164575
0.164575
0.164575
0.164575
0.164575
0.164575
0.164575
0.164575
0.164575
0.164575
0.164575
0.164575
0.164575
0.164575
0.164575
0.164575
0.164575
0.164575
0.164575
0.164575
0.164575
0.164575
0.164575
0.164575
0.164575
0.164575
0.164575
0.164575
0.164575
0.164575
0.164575
0.164575
0.164575
0.164575
0.164575
0.164575
0.164575
0.164575
0.164575
0.164575
0.164575
0.164575
0.164575
0.164575
0.164575
0.164575
0.164575
0.164575
0.164575
0.164575
0.164575
0.164575
0.164575
0.164575
0.164575
0.164575
0.164575
0.164575
0.164575
0.164575
0.164575
0.164575
0.164575
0.164575
0.164575
0.164575
0.164575
0.164575
0.164575
0.164575
0.164575
0.164575
0.164575
0.164575
0.164575
0.164575
0.164575
0.164575
0.164575
0.164575
0.164575
0.164575
0.164575
0.164575
0.164575
0.164575
0.164575
0.164575
0.164575
0.164575
0.164575
0.164575
0.164575
0.164575
0.164575
0.164575
0.164575
0.164575
0.164575
0.164575
0.164575
0.164575
0.164575
0.164575
0.164575
0.164575
0.164575
0.164575
0.164575
0.164575
0.164575
0.164575
0.164575
0.164575
0.164575
0.164575
0.164575
0.164575
0.164575
0.164575
0.164575
0.164575
0.164575
0.164575
0.164575
0.164575
0.164575
0.164575
0.164575
0.164575
0.164575
0.164575
0.164575
0.164575
0.164575
0.164575
0.164575
0.164575
0.164575
0.164575
0.164575
0.164575
0.164575
0.164575
0.164575
0.164575
0.164575
0.164575
0.164575
0.164575
0.164575
0.164575
0.164575
0.164575
0.164575
0.164575
0.164575
0.164575
0.164575
0.164575
0.164575
0.164575
0.164575
0.164575
0.164575
0.164575
0.164575
0.164575
0.164575
0.164575
0.164575
0.164575
0.164575
0.164575
0.164575
0.164575
0.164575
0.164575
0.164575
0.164575
0.164575
0.164575
0.164575
0.164575
0.164575
0.164575
0.164575
0.164575
0.164575
0.164575
0.164575
0.164575
0.164575
0.164575
0.164575
0.164575
0.164575
0.164575
0.164575
0.164575
0.164575
0.164575
0.164575
0.164575
0.164575
0.164575
0.164575
0.164575
0.164575
0.164575
0.164575
0.164575
0.164575
0.164575
0.164575
0.164575
0.164575
0.164575
0.164575
0.164575
0.164575
0.164575
0.164575
0.164575
0.164575
0.164575
0.164575
0.164575
0.164575
0.164575
0.164575
0.164575
0.164575
0.164575
0.164575
0.164575
0.164575
0.164575
0.164575
0.164575
0.164575
0.164575
0.164575
0.164575
0.164575
0.164575
0.164575
0.164575
0.164575
0.164575
0.164575
0.164575
0.164575
0.164575
0.164575
0.164575
0.164575
0.164575
0.164575
0.164575
0.164575
0.164575
0.164575
0.164575
0.164575
0.164575
0.164575
0.164575
0.164575
0.164575
0.164575
0.164575
0.164575
0.164575
0.164575
0.164575
0.164575
0.164575
0.164575
0.164575
0.164575
0.164575
0.164575
0.164575
0.164575
0.164575
0.164575
0.164575
0.164575
0.164575
0.164575
0.164575
0.164575
0.164575
0.164575
0.164575
0.164575
0.164575
0.164575
0.164575
0.164575
0.164575
0.164575
0.164575
0.164575
0.164575
0.164575
0.164575
0.164575
0.164575
0.164575
0.164575
0.164575
0.164575
0.164575
0.164575
0.164575
0.164575
0.164575
0.164575
0.164575
0.164575
0.164575
0.164575
0.164575
0.164575
0.164575
0.164575
0.164575
0.164575
0.164575
0.164575
0.164575
0.164575
0.164575
0.164575
0.164575
0.164575
0.164575
0.164575
0.164575
0.164575
0.164575
0.164575
0.164575
0.164575
0.164575
0.164575
0.164575
0.164575
0.164575
0.164575
0.164575
0.164575
0.164575
0.164575
0.164575
0.164575
0.164575
0.164575
0.164575
0.164575
0.164575
0.164575
0.164575
0.164575
0.164575
0.164575
0.164575
0.164575
0.164575
0.164575
0.164575
0.164575
0.164575
0.164575
0.164575
0.164575
0.164575
0.164575
0.164575
0.164575
0.164575
0.164575
0.164575
0.164575
0.164575
0.164575
0.164575
0.164575
0.164575
0.164575
0.164575
0.164575
0.164575
0.164575
0.164575
0.164575
0.164575
0.164575
0.164575
0.164575
0.164575
0.164575
0.164575
0.164575
0.164575
0.164575
0.164575
0.164575
0.164575
0.164575
0.164575
0.164575
0.164575
0.164575
0.164575
0.164575
0.164575
0.164575
0.164575
0.164575
0.164575
0.164575
0.164575
0.164575
0.164575
0.164575
0.164575
0.164575
0.164575
0.164575
0.164575
0.164575
0.164575
0.164575
0.164575
0.164575
0.164575
0.164575
0.164575
0.164575
0.164575
0.164575
0.164575
0.164575
0.164575
0.164575
0.164575
0.164575
0.164575
0.164575
0.164575
0.164575
0.164575
0.164575
0.164575
0.164575
0.164575
0.164575
0.164575
0.164575
0.164575
0.164575
0.164575
0.164575
0.164575
0.164575
0.164575
0.164575
0.164575
0.164575
0.164575
0.164575
0.164575
0.164575
0.164575
0.164575
0.164575
0.164575
0.164575
0.164575
0.164575
0.164575
0.164575
0.164575
0.164575
0.164575
0.164575
0.164575
0.164575
0.164575
0.164575
0.164575
0.164575
0.164575
0.164575
0.164575
0.164575
0.164575
0.164575
0.164575
0.164575
0.164575
0.164575
0.164575
0.164575
0.164575
0.164575
0.164575
0.164575
0.164575
0.164575
0.164575
0.164575
0.164575
0.164575
0.164575
0.164575
0.164575
0.164575
0.164575
0.164575
0.164575
0.164575
0.164575
0.164575
0.164575
0.164575
0.164575
0.164575
0.164575
0.164575
0.164575
0.164575
0.164575
0.164575
0.164575
0.164575
0.164575
0.164575
0.164575
0.164575
0.164575
0.164575
0.164575
0.164575
0.164575
0.164575
0.164575
0.164575
0.164575
0.164575
0.164575
0.164575
0.164575
0.164575
0.164575
0.164575
0.164575
0.164575
0.164575
0.164575
0.164575
0.164575
0.164575
0.164575
0.164575
0.164575
0.164575
0.164575
0.164575
0.164575
0.164575
0.164575
0.164575
0.164575
0.164575
0.164575
0.164575
0.164575
0.164575
0.164575
0.164575
0.164575
0.164575
0.164575
0.164575
0.164575
0.164575
0.164575
0.164575
0.164575
0.164575
0.164575
0.164575
0.164575
0.164575
0.164575
0.164575
0.164575
0.164575
0.164575
0.164575
0.164575
0.164575
0.164575
0.164575
0.164575
0.164575
0.164575
0.164575
0.164575
0.164575
0.164575
0.164575
0.164575
0.164575
0.164575
0.164575
0.164575
0.164575
0.164575
0.164575
0.164575
0.164575
0.164575
0.164575
0.164575
0.164575
0.164575
0.164575
0.164575
0.164575
0.164575
0.164575
0.164575
0.164575
0.164575
0.164575
0.164575
0.164575
0.164575
0.164575
0.164575
0.164575
0.164575
0.164575
0.164575
0.164575
0.164575
0.164575
0.164575
0.164575
0.164575
0.164575
0.164575
0.164575
0.164575
0.164575
0.164575
0.164575
0.164575
0.164575
0.164575
0.164575
0.164575
0.164575
0.164575
0.164575
0.164575
0.164575
0.164575
0.164575
0.164575
0.164575
0.164575
0.164575
0.164575
0.164575
0.164575
0.164575
0.164575
0.164575
0.164575
0.164575
0.164575
0.164575
0.164575
0.164575
0.164575
0.164575
0.164575
0.164575
0.164575
0.164575
0.164575
0.164575
0.164575
0.164575
0.164575
0.164575
0.164575
0.164575
0.164575
0.164575
0.164575
0.164575
0.164575
0.164575
0.164575
0.164575
0.164575
0.164575
0.164575
0.164575
0.164575
0.164575
0.164575
0.164575
0.164575
0.164575
0.164575
0.164575
0.164575
0.164575
0.164575
0.164575
0.164575
0.164575
0.164575
0.164575
0.164575
0.164575
0.164575
0.164575
0.164575
0.164575
0.164575
0.164575
0.164575
0.164575
0.164575
0.164575
0.164575
0.164575
0.164575
0.164575
0.164575
0.164575
0.164575
0.164575
0.164575
0.164575
0.164575
0.164575
0.164575
0.164575
0.164575
0.164575
0.164575
0.164575
0.164575
0.164575
0.164575
0.164575
0.164575
0.164575
0.164575
0.164575
0.164575
0.164575
0.164575
0.164575
0.164575
0.164575
0.164575
0.164575
0.164575
0.164575
0.164575
0.164575
0.164575
0.164575
0.164575
0.164575
0.164575
0.164575
0.164575
0.164575
0.164575
0.164575
0.164575
0.164575
0.164575
0.164575
0.164575
0.164575
0.164575
0.164575
0.164575
0.164575
0.164575
0.164575
0.164575
0.164575
0.164575
0.164575
0.164575
0.164575
0.164575
0.164575
0.164575
0.164575
0.164575
0.164575
0.164575
0.164575
0.164575
0.164575
0.164575
0.164575
0.164575
0.164575
0.164575
0.164575
0.164575
0.164575
0.164575
0.164575
0.164575
0.164575
0.164575
0.164575
0.164575
0.164575
0.164575
0.164575
0.164575
0.164575
0.164575
0.164575
0.164575
0.164575
0.164575
0.164575
0.164575
0.164575
0.164575
0.164575
0.164575
0.164575
0.164575
0.164575
0.164575
0.164575
0.164575
0.164575
0.164575
0.164575
0.164575
0.164575
0.164575
0.164575
0.164575
0.164575
0.164575
0.164575
0.164575
0.164575
0.164575
0.164575
0.164575
0.164575
0.164575
0.164575
0.164575
0.164575
0.164575
0.164575
0.164575
0.164575
0.164575
0.164575
0.164575
0.164575
0.164575
0.164575
0.164575
0.164575
0.164575
0.164575
0.164575
0.164575
0.164575
0.164575
0.164575
0.164575
0.164575
0.164575
0.164575
0.164575
0.164575
0.164575
0.164575
0.164575
0.164575
0.164575
0.164575
0.164575
0.164575
0.164575
0.164575
0.164575
0.164575
0.164575
0.164575
0.164575
0.164575
0.164575
0.164575
0.164575
0.164575
0.164575
0.164575
0.164575
0.164575
0.164575
0.164575
0.164575
0.164575
0.164575
0.164575
0.164575
0.164575
0.164575
0.164575
0.164575
0.164575
0.164575
0.164575
0.164575
0.164575
0.164575
0.164575
0.164575
0.164575
0.164575
0.164575
0.164575
0.164575
0.164575
0.164575
0.164575
0.164575
0.164575
0.164575
0.164575
0.164575
0.164575
0.164575
0.164575
0.164575
0.164575
0.164575
0.164575
0.164575
0.164575
0.164575
0.164575
0.164575
0.164575
0.164575
0.164575
0.164575
0.164575
0.164575
0.164575
0.164575
0.164575
0.164575
0.164575
0.164575
0.164575
0.164575
0.164575
0.164575
0.164575
0.164575
0.164575
0.164575
0.164575
0.164575
0.164575
0.164575
0.164575
0.164575
0.164575
0.164575
0.164575
0.164575
0.164575
0.164575
0.164575
0.164575
0.164575
0.164575
0.164575
0.164575
0.164575
0.164575
0.164575
0.164575
0.164575
0.164575
0.164575
0.164575
0.164575
0.164575
0.164575
0.164575
0.164575
0.164575
0.164575
0.164575
0.164575
0.164575
0.164575
0.164575
0.164575
0.164575
0.164575
0.164575
0.164575
0.164575
0.164575
0.164575
0.164575
0.164575
0.164575
0.164575
0.164575
0.164575
0.164575
0.164575
0.164575
0.164575
0.164575
0.164575
0.164575
0.164575
0.164575
0.164575
0.164575
0.164575
0.164575
0.164575
0.164575
0.164575
0.164575
0.164575
0.164575
0.164575
0.164575
0.164575
0.164575
0.164575
0.164575
0.164575
0.164575
0.164575
0.164575
0.164575
0.164575
0.164575
0.164575
0.164575
0.164575
0.164575
0.164575
0.164575
0.164575
0.164575
0.164575
0.164575
0.164575
0.164575
0.164575
0.164575
0.164575
0.164575
0.164575
0.164575
0.164575
0.164575
0.164575
0.164575
0.164575
0.164575
0.164575
0.164575
0.164575
0.164575
0.164575
0.164575
0.164575
0.164575
0.164575
0.164575
0.164575
0.164575
0.164575
0.164575
0.164575
0.164575
0.164575
0.164575
0.164575
0.164575
0.164575
0.164575
0.164575
0.164575
0.164575
0.164575
0.164575
0.164575
0.164575
0.164575
0.164575
0.164575
0.164575
0.164575
0.164575
0.164575
0.164575
0.164575
0.164575
0.164575
0.164575
0.164575
0.164575
0.164575
0.164575
0.164575
0.164575
0.164575
0.164575
0.164575
0.164575
0.164575
0.164575
0.164575
0.164575
0.164575
0.164575
0.164575
0.164575
0.164575
0.164575
0.164575
0.164575
0.164575
0.164575
0.164575
0.164575
0.164575
0.164575
0.164575
0.164575
0.164575
0.164575
0.164575
0.164575
0.164575
0.164575
0.164575
0.164575
0.164575
0.164575
0.164575
0.164575
0.164575
0.164575
0.164575
0.164575
0.164575
0.164575
0.164575
0.164575
0.164575
0.164575
0.164575
0.164575
0.164575
0.164575
0.164575
0.164575
0.164575
0.164575
0.164575
0.164575
0.164575
0.164575
0.164575
0.164575
0.164575
0.164575
0.164575
0.164575
0.164575
0.164575
0.164575
0.164575
0.164575
0.164575
0.164575
0.164575
0.164575
0.164575
0.164575
0.164575
0.164575
0.164575
0.164575
0.164575
0.164575
0.164575
0.164575
0.164575
0.164575
0.164575
0.164575
0.164575
0.164575
0.164575
